"StationName"	"depth_float"	"Latitude"	"Longitude"	"RawCount"	"TrimCount"	"CollectionAgency"	"sequencing_ID"	"Month"	"Year"	"Month_Year"	"julian_day"	"day_length"	"anti_day_length"	"julian_seconds"	"Depth_Percentage"	"Discharge_James_14"	"Discharge_Susquehanna_14"	"enspie"	"faith_pd"	"WTEMP"	"SALINITY"	"DO"	"PH"	"habitat"
"SB072215TAWCSCB33CD0BR1TR1I27"	"CB33C"	0	38.996616	-76.358887	254796	59350	"Preheim"	"spr12"	7	15	"07 15"	214	0.856550995901004	0.516062391015853	32820	0	70242.2916666667	643638.611111111	31.9582725708007	14.266295	26.84	4.86	8.1	8.36	3
"SB072215TAWCSCB33CD2BR1TR1I29"	"CB33C"	2	38.996601	-76.35878	215775	55753	"Preheim"	"spr12"	7	15	"07 15"	214	0.856550995901004	0.516062391015853	34165	0.0789149198520345	70242.2916666667	643638.611111111	52.4568459189235	33.4467625	27.076	5.96	7.18	8.25	3
"SB072215TAWCSCB33CD3BR1TR1I30"	"CB33C"	3	38.996552	-76.358704	223624	44663	"Preheim"	"spr12"	7	15	"07 15"	214	0.856550995901004	0.516062391015853	34823	0.118372379778052	70242.2916666667	643638.611111111	48.3881459826666	32.621803	27.057	6.72	6.47	8.1	3
"SB072215TAWCSCB33CD4BR1TR1I31"	"CB33C"	4	38.996449	-76.358398	167871	53555	"Preheim"	"spr12"	7	15	"07 15"	214	0.856550995901004	0.516062391015853	35805	0.157829839704069	70242.2916666667	643638.611111111	53.2685146194854	33.8416665	26.882	6.67	6.86	8.2	3
"SB072215TAWCSCB33CD6BR1TR1I33"	"CB33C"	6	38.996384	-76.358269	195209	59982	"Preheim"	"spr12"	7	15	"07 15"	214	0.856550995901004	0.516062391015853	37329	0.236744759556104	70242.2916666667	643638.611111111	38.94773279341	11.312599	25.884	10.1	3.15	7.5	1
"SB072215TAWCSCB33CD7BR1TR1I34"	"CB33C"	7	38.996384	-76.358253	226595	69605	"Preheim"	"spr12"	7	15	"07 15"	214	0.856550995901004	0.516062391015853	38224	0.276202219482121	70242.2916666667	643638.611111111	25.7179111571659	9.461247	25.344	11.72	1.4	7.27	2
"SB072215TAWCSCB33CD9BR1TR1I36"	"CB33C"	9	38.996319	-76.358353	518545	151122	"Preheim"	"spr12"	7	15	"07 15"	214	0.856550995901004	0.516062391015853	39465	0.355117139334155	70242.2916666667	643638.611111111	39.736156899633	13.753313	24.66	13.71	0.14	7.18	2
"SB072215TAWCSCB33CD10BR1TR1I37"	"CB33C"	10	38.996334	-76.358368	386591	60610	"Preheim"	"spr12"	7	15	"07 15"	214	0.856550995901004	0.516062391015853	40150	0.394574599260173	70242.2916666667	643638.611111111	51.2928642525363	33.577747	24.418	14.48	-0.02	7.19	2
"SB072215TAWCSCB33CD11BR1TR1I39"	"CB33C"	11	38.996349	-76.358437	232556	36075	"Preheim"	"spr12"	7	15	"07 15"	214	0.856550995901004	0.516062391015853	44384	0.43403205918619	70242.2916666667	643638.611111111	42.6903632827918	31.9876945	24.255	16.03	-0.03	7.24	2
"SB072215TAWCSCB33CD12BR1TR1I40"	"CB33C"	12	38.996334	-76.358498	145922	49867	"Preheim"	"spr12"	7	15	"07 15"	214	0.856550995901004	0.516062391015853	40868	0.473489519112207	70242.2916666667	643638.611111111	9.61744731686909	9.9342	24.024	16.35	-0.03	7.23	2
"SB072215TAWCSCB33CD13BR1TR1I41"	"CB33C"	13	38.996319	-76.358521	81124	26053	"Preheim"	"spr12"	7	15	"07 15"	214	0.856550995901004	0.516062391015853	43691	0.512946979038224	70242.2916666667	643638.611111111	9.32710531979616	9.715637	24.096	16.71	-0.03	7.25	2
"SB072215TAWCSCB33CD18BR1TR1I44"	"CB33C"	18	38.9963	-76.358452	63383	19086	"Preheim"	"spr12"	7	15	"07 15"	214	0.856550995901004	0.516062391015853	41764	0.710234278668311	70242.2916666667	643638.611111111	9.07109596904706	12.904216	23.79	18.1	-0.03	7.24	2
"SB072215TAWCSCB33CD20BR1TR1I45"	"CB33C"	20	38.996449	-76.358467	106413	26152	"Preheim"	"spr12"	7	15	"07 15"	214	0.856550995901004	0.516062391015853	42352	0.789149198520345	70242.2916666667	643638.611111111	11.2305339310283	10.8230575	23.739	18.4	-0.03	7.25	2
"SB082015TAWCSCB33CD1BR1TR1I52"	"CB33C"	1	39.000233	-76.360085	691822	189989	"Preheim"	"spr12"	8	15	"08 15"	243	0.50496105472152	0.863142128049912	29580	0.0394574599260173	27821.875	133004.375	39.8085204316585	17.752263	26.943	11.68	6.11	7.95	2
"SB082015TAWCSCB33CD3BR1TR1I54"	"CB33C"	3	39.000233	-76.360085	360673	62330	"Preheim"	"spr12"	8	15	"08 15"	243	0.50496105472152	0.863142128049912	30660	0.118372379778052	27821.875	133004.375	48.4873991869849	32.153363	26.968	11.72	6.14	7.96	2
"SB082015TAWCSCB33CD4BR1TR1I55"	"CB33C"	4	39.000233	-76.360085	247043	20165	"Preheim"	"spr12"	8	15	"08 15"	243	0.50496105472152	0.863142128049912	31020	0.157829839704069	27821.875	133004.375	24.4546277419738	30.4596525	26.972	11.74	6.08	7.96	2
"SB082015TAWCSCB33CD7BR1TR1I58"	"CB33C"	7	39.000233	-76.360085	240149	73487	"Preheim"	"spr12"	8	15	"08 15"	243	0.50496105472152	0.863142128049912	32100	0.276202219482121	27821.875	133004.375	22.471912607575	11.049895	26.929	12.04	5.61	7.89	2
"SB082015TAWCSCB33CD8BR1TR1I59"	"CB33C"	8	39.000233	-76.360085	272597	60856	"Preheim"	"spr12"	8	15	"08 15"	243	0.50496105472152	0.863142128049912	32400	0.315659679408138	27821.875	133004.375	13.3708075231325	7.451348	26.901	12.05	5.32	7.85	2
"SB082015TAWCSCB33CD9BR1TR1I60"	"CB33C"	9	39.000233	-76.360085	433023	7109	"Preheim"	"spr12"	8	15	"08 15"	243	0.50496105472152	0.863142128049912	32700	0.355117139334155	27821.875	133004.375	15.4284204417786	9.672377	26.877	12.07	5.12	7.81	2
"SB082015TAWCSCB33CD10BR1TR1I61"	"CB33C"	10	39.000233	-76.360085	312336	75229	"Preheim"	"spr12"	8	15	"08 15"	243	0.50496105472152	0.863142128049912	33000	0.394574599260173	27821.875	133004.375	41.7919724762679	34.2918195	26.737	12.16	3.62	7.59	2
"SB082015TAWCSCB33CD11BR1TR1I63"	"CB33C"	11	39.000233	-76.360085	386049	76669	"Preheim"	"spr12"	8	15	"08 15"	243	0.50496105472152	0.863142128049912	33420	0.43403205918619	27821.875	133004.375	52.3154560844104	34.9256135	26.625	12.84	3.02	7.52	2
"SB082015TAWCSCB33CD12BR1TR1I64"	"CB33C"	12	39.000233	-76.360085	129569	43724	"Preheim"	"spr12"	8	15	"08 15"	243	0.50496105472152	0.863142128049912	33780	0.473489519112207	27821.875	133004.375	30.6139159279009	32.696595	26.642	14.28	1.58	7.37	2
"SB082015TAWCSCB33CD13BR1TR1I65"	"CB33C"	13	39.000233	-76.360085	146277	52909	"Preheim"	"spr12"	8	15	"08 15"	243	0.50496105472152	0.863142128049912	34080	0.512946979038224	27821.875	133004.375	29.8172466644564	33.555798	26.43	15.18	0.99	7.33	2
"SB082015TAWCSCB33CD14BR1TR1I66"	"CB33C"	14	39.000233	-76.360085	112097	37883	"Preheim"	"spr12"	8	15	"08 15"	243	0.50496105472152	0.863142128049912	34380	0.552404438964242	27821.875	133004.375	25.3754515019346	33.494033	26.351	17.26	0.03	7.35	2
"SB082015TAWCSCB33CD15BR1TR1I67"	"CB33C"	15	39.000233	-76.360085	68586	23215	"Preheim"	"spr12"	8	15	"08 15"	243	0.50496105472152	0.863142128049912	34620	0.591861898890259	27821.875	133004.375	23.7681962053453	33.7510465	26.303	18.11	0.01	7.36	2
"SB082015TAWCSCB33CD16BR1TR1I68"	"CB33C"	16	39.000233	-76.360085	409045	147584	"Preheim"	"spr12"	8	15	"08 15"	243	0.50496105472152	0.863142128049912	34860	0.631319358816276	27821.875	133004.375	29.8414521677125	39.235217	26.309	18.14	0.01	7.37	2
"SB082015TAWCSCB33CD17BR1TR1I69"	"CB33C"	17	39.000233	-76.360085	302047	97562	"Preheim"	"spr12"	8	15	"08 15"	243	0.50496105472152	0.863142128049912	35100	0.670776818742293	27821.875	133004.375	26.5367073726749	37.9323335	26.331	19.19	0	7.37	2
"SB082015TAWCSCB33CD18BR1TR1I70"	"CB33C"	18	39.000233	-76.360085	353847	135285	"Preheim"	"spr12"	8	15	"08 15"	243	0.50496105472152	0.863142128049912	35340	0.710234278668311	27821.875	133004.375	31.0954927861093	40.8149685	26.34	19.67	0	7.37	2
"SB082015TAWCSCB33CD19BR1TR1I71"	"CB33C"	19	39.000233	-76.360085	230025	87093	"Preheim"	"spr12"	8	15	"08 15"	243	0.50496105472152	0.863142128049912	35580	0.749691738594328	27821.875	133004.375	34.0218846896355	39.7734005	26.351	19.84	0	7.37	2
"SB082015TAWCSCB33CD20BR1TR1I74"	"CB33C"	20	39.000233	-76.360085	160268	70542	"Preheim"	"spr12"	8	15	"08 15"	243	0.50496105472152	0.863142128049912	35760	0.789149198520345	27821.875	133004.375	10.624393835791	45.986583	26.351	19.89	0	7.37	2
"SB062716TAWCSCB33CD1BR2TR1I80"	"CB33C"	1	38.9973833333333	-76.3588833333333	353676	119015	"Preheim"	"e_13"	6	16	"06 16"	555	0.99167731989929	0.128748177452582	33180	0.0394574599260173	106503.583333333	147550.833333333	66.0244694893039	35.0228905	24.292	11.1	8.55	8.08	3
"SB062716TAWCSCB33CD2BR1TR1I81"	"CB33C"	2	38.9973833333333	-76.3588833333333	356225	202016	"Preheim"	"Miseq_sp"	6	16	"06 16"	555	0.99167731989929	0.128748177452582	33720	0.0789149198520345	106503.583333333	147550.833333333	86.9993720979968	43.1255825	24.06	11.55	6.98	7.79	3
"SB062716TAWCSCB33CD4BR1TR1I82"	"CB33C"	4	38.9973833333333	-76.3588833333333	330664	206463	"Preheim"	"Miseq_sp"	6	16	"06 16"	555	0.99167731989929	0.128748177452582	34260	0.157829839704069	106503.583333333	147550.833333333	67.2014406761063	36.41906	23.778	11.76	6.27	7.66	2
"SB062716TAWCSCB33CD6BR1TR1I83"	"CB33C"	6	38.9973833333333	-76.3588833333333	420653	170255	"Preheim"	"Miseq_sp"	6	16	"06 16"	555	0.99167731989929	0.128748177452582	34920	0.236744759556104	106503.583333333	147550.833333333	62.7102074026711	36.6501055	23.387	12.59	4.55	7.39	2
"SB062716TAWCSCB33CD8BR1TR1I84"	"CB33C"	8	38.9973833333333	-76.3588833333333	320633	162022	"Preheim"	"Miseq_sp"	6	16	"06 16"	555	0.99167731989929	0.128748177452582	35520	0.315659679408138	106503.583333333	147550.833333333	88.3982458488272	42.42807	22.5	13.64	3.25	7.26	2
"SB062716TAWCSCB33CD10BR1TR1I85"	"CB33C"	10	38.9973833333333	-76.3588833333333	513615	179160	"Preheim"	"Miseq_sp"	6	16	"06 16"	555	0.99167731989929	0.128748177452582	36300	0.394574599260173	106503.583333333	147550.833333333	94.3126330337443	44.5855025	20.724	15.57	1.08	7.14	2
"SB062716TAWCSCB33CD12BR2TR1I87"	"CB33C"	12	38.9973833333333	-76.3588833333333	506595	175225	"Preheim"	"e_13"	6	16	"06 16"	555	0.99167731989929	0.128748177452582	36900	0.473489519112207	106503.583333333	147550.833333333	79.639923039905	45.665344	20.364	16.04	0.74	7.13	2
"SB062716TAWCSCB33CD14BR1TR1I88"	"CB33C"	14	38.9973833333333	-76.3588833333333	431302	183867	"Preheim"	"Miseq_sp"	6	16	"06 16"	555	0.99167731989929	0.128748177452582	37500	0.552404438964242	106503.583333333	147550.833333333	67.6608878876227	34.523509	20.37	16.07	0.75	7.13	2
"SB062716TAWCSCB33CD16BR1TR1I89"	"CB33C"	16	38.9973833333333	-76.3588833333333	332122	209328	"Preheim"	"Miseq_sp"	6	16	"06 16"	555	0.99167731989929	0.128748177452582	38700	0.631319358816276	106503.583333333	147550.833333333	55.6743920271607	37.334769	20.209	16.17	0.61	7.12	2
"SB062716TAWCSCB33CD18BR1TR1I90"	"CB33C"	18	38.9973833333333	-76.3588833333333	351581	203242	"Preheim"	"Miseq_sp"	6	16	"06 16"	555	0.99167731989929	0.128748177452582	39180	0.710234278668311	106503.583333333	147550.833333333	58.5444241740761	38.374855	20.139	16.23	0.57	7.12	2
"SB062716TAWCSCB33CD21BR1TR1I92"	"CB33C"	21	38.9973833333333	-76.3588833333333	345232	212929	"Preheim"	"Miseq_sp"	6	16	"06 16"	555	0.99167731989929	0.128748177452582	39960	0.828606658446362	106503.583333333	147550.833333333	60.6101553425321	41.4923905	19.966	16.49	0.43	7.12	2
"SB071116TAWCSCB22D11BR2TR2I616"	"CB22"	11	39.34873	-76.17579	474386	158534	"DNR"	"e_13"	7	16	"07 16"	571	0.919285969718611	0.393590276656466	36720	0.912442396313364	95901.3541666667	93274.5833333333	39.2086907292497	38.5287905	26.8	6.43	5.3	7.2	1
"SB072516TAWCSCB33CD0BR1TR2I620"	"CB33C"	0	38.9979187338577	-76.3591160886891	573747	189418	"Preheim"	"e_13"	7	16	"07 16"	583	0.81901488666808	0.573772267904325	34140	0	51304.1666666667	77681.4583333333	38.7842124968359	41.2717415	28.441	12.26	7.16	7.88	2
"SB072516TAWCSCB33CD0BR2TR1I96"	"CB33C"	2	38.9979187338577	-76.3591160886891	430566	189782	"Preheim"	"KM"	7	16	"07 16"	583	0.81901488666808	0.573772267904325	34560	0.0789149198520345	51304.1666666667	77681.4583333333	26.7431024515466	41.253426	28.22	13.2	7.11	7.94	3
"SB072516TAWCSCB33CD4BR1TR1I102"	"CB33C"	4	38.9979187338577	-76.3591160886891	1136004	516240	"Preheim"	"KM"	7	16	"07 16"	583	0.81901488666808	0.573772267904325	35100	0.157829839704069	51304.1666666667	77681.4583333333	33.9177228609297	43.0342435	27.858	13.5	6.16	7.79	2
"SB072516TAWCSCB33CD6BR1TR1I104"	"CB33C"	6	38.9979187338577	-76.3591160886891	500897	177273	"Preheim"	"e_13"	7	16	"07 16"	583	0.81901488666808	0.573772267904325	35880	0.236744759556104	51304.1666666667	77681.4583333333	18.2591580252971	39.545995	27.942	14.07	5.08	7.62	2
"SB072516TAWCSCB33CD8BR1TR1I107"	"CB33C"	8	38.9979187338577	-76.3591160886891	388909	130071	"Preheim"	"e_13"	7	16	"07 16"	583	0.81901488666808	0.573772267904325	36360	0.315659679408138	51304.1666666667	77681.4583333333	44.3392042590226	45.576391	26.26	15.63	1.29	7.16	2
"SB071116TAWCSCB33CD24BR1TR2I611"	"CB33C"	24	38.99596	-76.35967	429606	152147	"DNR"	"e_13"	7	16	"07 16"	570	0.92592477719385	0.377707965203965	55200	0.946979038224414	104497.916666667	95166.875	69.4034594208686	46.648208	22.6	18.21	0.36	7.2	2
"SB071116TAWCSCB43CD26BR1TR1I151"	"CB43C"	27	38.55505	-76.42794	8064	3774	"DNR"	"KM"	7	16	"07 16"	570	0.92592477719385	0.377707965203965	36720	0.98019801980198	104497.916666667	95166.875	47.4147291206478	36.922038	23.2	19.94	0.74	7.3	2
"SB071116TAWCSCB44D30BR1TR1I152"	"CB44"	31	38.41457	-76.34565	425417	191915	"DNR"	"KM"	7	16	"07 16"	569	0.932289213174514	0.361713730729766	56700	0.964730290456432	113796.770833333	96602.2916666667	42.9932477661334	47.781947	22.9	20.36	0.6	7.3	2
"SB071116TAWCSCB51D33BR1TR1I153"	"CB51"	33	38.3187	-76.29215	499339	177329	"DNR"	"e_13"	7	16	"07 16"	569	0.932289213174514	0.361713730729766	53340	0.958064516129032	113796.770833333	96602.2916666667	33.4507109673849	44.683372	22.8	20.85	0.5	7.3	2
"SB071116TAWCSCB52D29BR1TR2I619"	"CB52"	29	38.13705	-76.22787	499592	176422	"DNR"	"e_13"	7	16	"07 16"	569	0.932289213174514	0.361713730729766	48840	0.943089430894309	113796.770833333	96602.2916666667	61.3517138428199	46.59091	24.4	20.22	3.2	7.6	2
"SB071116TAWCSCB53D25BR2TR2I615"	"CB53"	25	37.91011	-76.17137	376934	121417	"DNR"	"e_13"	7	16	"07 16"	569	0.932289213174514	0.361713730729766	44040	0.939597315436242	113796.770833333	96602.2916666667	69.7904556198109	46.438683	24.8	21.97	4.1	7.7	2
"SB071116TAWCSCB54D25BR1TR1I157"	"CB54"	25	37.80013	-76.17466	411234	183903	"ODU"	"KM"	7	16	"07 16"	570	0.92592477719385	0.377707965203965	34260	0.779727095516569	104497.916666667	95166.875	62.025227740669	45.7851255	24.972	22.92	3.25	7.65	2
"SB071116TAWCSCB71D20BR1TR1I167"	"CB71"	16	37.68346	-75.98966	65927	34387	"ODU"	"spr14"	7	16	"07 16"	570	0.92592477719385	0.377707965203965	49620	0.888888888888889	104497.916666667	95166.875	39.2102302876814	41.161412	25.639	23.03	3.78	7.7	2
"SB071116TAWCSCB62D9BR1TR1I161"	"CB62"	9	37.4868	-76.15633	14964	6934	"ODU"	"spr14"	7	16	"07 16"	569	0.932289213174514	0.361713730729766	52920	0.878048780487805	113796.770833333	96602.2916666667	55.457720468205	36.947672	25.135	23.02	3.25	7.61	2
"SB071116TAWCSCB63D10BR1TR1I163"	"CB63"	11	37.41153	-76.15966	386714	173041	"ODU"	"KM"	7	16	"07 16"	569	0.932289213174514	0.361713730729766	50820	0.967032967032967	113796.770833333	96602.2916666667	75.4303053375534	46.929166	25.355	24.02	4.06	7.7	2
"SB071116TAWCSCB72D20BR1TR1I169"	"CB72"	20	37.41153	-76.07966	16927	7513	"ODU"	"KM"	7	16	"07 16"	569	0.932289213174514	0.361713730729766	48720	0.933852140077821	113796.770833333	96602.2916666667	81.1395348660124	38.9329365	24.913	26.21	5.06	7.81	2
"SB071116TAWCSCB64D10BR1TR1I165"	"CB64"	8	37.23653	-76.20799	35603	16281	"ODU"	"KM"	7	16	"07 16"	571	0.919285969718611	0.393590276656466	31680	0.857142857142857	95901.3541666667	93274.5833333333	71.5472052285093	42.634996	24.71	25.26	3.79	7.69	2
"SB071116TAWCSCB74D13BR2TR1I173"	"CB74"	14	36.9957	-76.02048	146033	65459	"ODU"	"KM"	7	16	"07 16"	569	0.932289213174514	0.361713730729766	33900	0.933333333333333	113796.770833333	96602.2916666667	65.7950714749984	37.1816635	19.572	31.45	6.45	7.88	3
"SB081216TAWCSCB22D11BR1TR2I617"	"CB22"	11	39.34873	-76.17579	644320	222635	"DNR"	"e_13"	8	16	"08 16"	599	0.632103411187348	0.774884041367041	36180	0.912442396313364	62721.4583333333	106474.791666667	25.7446098680171	38.705895	28	5.45	5.3	7.2	1
"SB083116TAWCSCB22D11BR2TR2I622"	"CB22"	11	39.34873	-76.17579	399055	144255	"DNR"	"e_13"	8	16	"08 16"	620	0.317191288589106	0.948361580012172	36360	0.912442396313364	33572.2916666667	130080	46.7623156837882	42.8951685	27.8	8.38	4.2	7.2	2
"SB081216TAWCSCB31D13BR1TR1I177"	"CB31"	13	39.2495	-76.2405	475876	219379	"DNR"	"KM"	8	16	"08 16"	599	0.632103411187348	0.774884041367041	33720	0.933908045977012	62721.4583333333	106474.791666667	56.8205549776127	43.844858	27.3	11.41	2.1	7.2	2
"SB082916TAWCSCB31D13BR1TR2I212"	"CB31"	13	39.2495	-76.2405	39211	17936	"DNR"	"KM"	8	16	"08 16"	620	0.317191288589106	0.948361580012172	33780	0.933908045977012	33572.2916666667	130080	68.9095974595531	47.538279	27.5	12.99	3.1	7.3	2
"SB081216TAWCSCB32D10BR1TR2I621"	"CB32"	10	39.16369	-76.30631	592127	202455	"DNR"	"e_13"	8	16	"08 16"	599	0.632103411187348	0.774884041367041	31320	0.808080808080808	62721.4583333333	106474.791666667	58.0841402787879	46.784043	27	12.93	1.2	7.2	2
"SB081216TAWCSCB33CD0BR1TR1I126"	"CB33C"	0	38.9979187338577	-76.3591160886891	475602	163289	"Preheim"	"e_13"	8	16	"08 16"	601	0.60505606964885	0.796182863782615	31800	0	68300.9375	109029.375	54.5569144481545	40.181375	28.821	14.6	9.25	8.09	3
"SB081216TAWCSCB33CD2BR1TR1I127"	"CB33C"	2	38.9979187338577	-76.3591160886891	145106	65679	"Preheim"	"KM"	8	16	"08 16"	601	0.60505606964885	0.796182863782615	32520	0.0789149198520345	68300.9375	109029.375	60.2380078721377	40.0051085	28.233	14.7	7.47	7.89	3
"SB081216TAWCSCB33CD10BR1TR1I131"	"CB33C"	10	38.9979187338577	-76.3591160886891	400463	178941	"Preheim"	"KM"	8	16	"08 16"	601	0.60505606964885	0.796182863782615	35400	0.394574599260173	68300.9375	109029.375	65.573093642126	44.0359885	28.091	14.91	6.42	7.75	2
"SB081216TAWCSCB33CD13BR1TR1I134"	"CB33C"	13	38.9979187338577	-76.3591160886891	431001	153280	"Preheim"	"e_13"	8	16	"08 16"	601	0.60505606964885	0.796182863782615	40440	0.512946979038224	68300.9375	109029.375	40.8487292793991	45.33795	27.549	16.45	4.07	7.51	2
"SB081216TAWCSCB33CD15BR1TR1I136"	"CB33C"	15	38.9979187338577	-76.3591160886891	529779	234144	"Preheim"	"KM"	8	16	"08 16"	601	0.60505606964885	0.796182863782615	40080	0.591861898890259	68300.9375	109029.375	11.3632593135979	47.7133795	26.083	19.66	0.1	7.23	2
"SB081216TAWCSCB33CD16BR2TR1I138"	"CB33C"	16	38.9979187338577	-76.3591160886891	536874	195814	"Preheim"	"e_13"	8	16	"08 16"	601	0.60505606964885	0.796182863782615	37500	0.631319358816276	68300.9375	109029.375	6.22596898174096	43.646317	26.043	19.855	0.11	7.24	2
"SB081216TAWCSCB33CD18BR1TR1I140"	"CB33C"	18	38.9979187338577	-76.3591160886891	344944	113894	"Preheim"	"e_13"	8	16	"08 16"	601	0.60505606964885	0.796182863782615	38160	0.710234278668311	68300.9375	109029.375	7.36110589908512	43.9177575	26.012	20.05	0.11	7.25	2
"SB081216TAWCSCB33CD24BR1TR2I623"	"CB33C"	24	38.99596	-76.3596699999999	400873	134486	"DNR"	"e_13"	8	16	"08 16"	598	0.645348113229551	0.763888612790542	55140	0.946979038224414	59022.5	103536.25	32.4998827923609	50.350635	25.6	19.24	0.29	7.3	2
"SB081216TAWCSCB41CD31BR1TR2I618"	"CB41C"	31	38.82593	-76.39945	479953	163461	"DNR"	"e_13"	8	16	"08 16"	598	0.645348113229551	0.763888612790542	48540	0.96875	59022.5	103536.25	55.5404867228446	48.8501755	26	20.22	0.3	7.3	2
"SB083016TAWCSCB41CD31BR1TR1I216"	"CB41C"	31	38.82593	-76.39945	32295	14174	"DNR"	"KM"	8	16	"08 16"	619	0.333468778918186	0.942761143390421	46620	0.96875	35088.5416666667	132691.458333333	15.4001132152977	46.2459795	27.1	20.99	0.36	7.3	2
"SB081216TAWCSCB42CD26BR2TR1I612"	"CB42C"	26	38.64618	-76.42127	395770	131816	"DNR"	"e_13"	8	16	"08 16"	598	0.645348113229551	0.763888612790542	42120	0.943310657596372	59022.5	103536.25	65.5286915526074	49.1710425	26.2	20.78	0.3	7.3	2
"SB082916TAWCSCB43CD26BR1TR2I220"	"CB43C"	26	38.55505	-76.42794	293803	102322	"DNR"	"e_13"	8	16	"08 16"	619	0.333468778918186	0.942761143390421	34980	0.943894389438944	35088.5416666667	132691.458333333	25.9002269493449	45.7601695	27.1	21.9	0.36	7.4	2
"SB081216TAWCSCB43CD26BR1TR1I184"	"CB43C"	26	38.55505	-76.42794	163677	74645	"DNR"	"KM"	8	16	"08 16"	598	0.645348113229551	0.763888612790542	36420	0.943894389438944	59022.5	103536.25	87.4372358895058	54.8097955	26.5	20.85	0.3	7.3	2
"SB082916TAWCSCB44D30BR1TR1I222"	"CB44"	31	38.41457	-76.34565	648036	288055	"DNR"	"KM"	8	16	"08 16"	618	0.349647455251229	0.936881346295431	49080	0.964730290456432	35980.4166666667	133699.862588652	37.3191311871776	48.5436785	27.1	22.67	0.3	7.4	2
"SB081216TAWCSCB51D33BR1TR1I186"	"CB51"	33	38.3187	-76.29215	223954	100827	"DNR"	"KM"	8	16	"08 16"	597	0.658401584698049	0.752666827532008	47040	0.958064516129032	52591.0416666667	98408.9583333333	27.1248063276762	46.418977	27.1	21.76	0.3	7.4	2
"SB082916TAWCSCB52D29BR1TR1I224"	"CB52"	30	38.13705	-76.22787	367793	164024	"DNR"	"KM"	8	16	"08 16"	618	0.349647455251229	0.936881346295431	42000	0.975609756097561	35980.4166666667	133699.862588652	39.2495490193306	48.1908165	27.5	22.67	0.4	7.4	2
"SB081216TAWCSCB53D25BR2TR2I189"	"CB53"	25	37.91011	-76.17137	502824	174152	"DNR"	"e_13"	8	16	"08 16"	597	0.658401584698049	0.752666827532008	38880	0.939597315436242	52591.0416666667	98408.9583333333	61.213272415933	48.4063835	27.1	23.31	3.4	7.8	2
"SB082916TAWCSCB53D25BR1TR2I610"	"CB53"	25	37.91011	-76.17137	299176	107450	"DNR"	"e_13"	8	16	"08 16"	618	0.349647455251229	0.936881346295431	37500	0.939597315436242	35980.4166666667	133699.862588652	61.8297760507168	49.142286	27.7	23.38	2.7	7.7	2
"SB081216TAWCSCB54D25BR1TR1I190"	"CB54"	25	37.80013	-76.17466	143925	62906	"ODU"	"KM"	8	16	"08 16"	598	0.645348113229551	0.763888612790542	33960	0.779727095516569	59022.5	103536.25	69.2380709930426	48.4103945	26.9	24.83	3.54	7.83	2
"SB082916TAWCSCB54D25BR2TR1I228"	"CB54"	25	37.80013	-76.17466	30886	14304	"ODU"	"KM"	8	16	"08 16"	619	0.333468778918186	0.942761143390421	34440	0.779727095516569	35088.5416666667	132691.458333333	71.0902921940029	45.1078985	27.515	24.15	2.74	7.67	2
"SB081216TAWCSCB71D20BR2TR1I201"	"CB71"	16	37.68346	-75.98966	14820	6811	"ODU"	"KM"	8	16	"08 16"	598	0.645348113229551	0.763888612790542	50820	0.888888888888889	59022.5	103536.25	94.639622778355	44.3170095	26.684	25.27	3.72	7.83	2
"SB082916TAWCSCB71D20BR2TR1I238"	"CB71"	17	37.68346	-75.98966	398585	179225	"ODU"	"KM"	8	16	"08 16"	619	0.333468778918186	0.942761143390421	49740	0.944444444444444	35088.5416666667	132691.458333333	73.1832266881389	46.187487	27.21	24.77	3.82	7.76	2
"SB081216TAWCSCB61D11BR1TR1I192"	"CB61"	11	37.58847	-76.16216	9239	4169	"ODU"	"KM"	8	16	"08 16"	597	0.658401584698049	0.752666827532008	60660	0.909090909090909	52591.0416666667	98408.9583333333	59.7706425284093	37.322958	26.608	25.37	3.37	7.81	2
"SB082916TAWCSCB61D11BR1TR1I230"	"CB61"	11	37.58847	-76.16216	31603	14199	"ODU"	"KM"	8	16	"08 16"	618	0.349647455251229	0.936881346295431	63060	0.909090909090909	35980.4166666667	133699.862588652	67.499120425614	43.670737	27.339	24.06	2.41	7.61	2
"SB081216TAWCSCB62D9BR1TR1I194"	"CB62"	9	37.4868	-76.15633	84646	39216	"ODU"	"KM"	8	16	"08 16"	597	0.658401584698049	0.752666827532008	53100	0.878048780487805	52591.0416666667	98408.9583333333	88.7713890136723	48.572462	26.037	26.39	4.23	7.85	2
"SB082916TAWCSCB62D9BR1TR1I232"	"CB62"	9	37.4868	-76.1563299999999	721144	320573	"ODU"	"KM"	8	16	"08 16"	618	0.349647455251229	0.936881346295431	55800	0.878048780487805	35980.4166666667	133699.862588652	61.848880822802	47.446193	27.491	23.35	4.1	7.8	2
"SB082916TAWCSCB63D10BR3TR1I234"	"CB63"	11	37.41153	-76.15966	39929	18969	"ODU"	"KM"	8	16	"08 16"	618	0.349647455251229	0.936881346295431	53280	0.967032967032967	35980.4166666667	133699.862588652	68.2976478944454	42.646111	27.369	24.16	5.25	7.87	2
"SB081216TAWCSCB63D11BR2TR1I196"	"CB63"	11	37.41153	-76.15966	507955	230383	"ODU"	"KM"	8	16	"08 16"	597	0.658401584698049	0.752666827532008	50760	0.967032967032967	52591.0416666667	98408.9583333333	91.6767057249234	47.669942	25.714	27.4	4.71	7.88	2
"SB081216TAWCSCB72D20BR2TR1I203"	"CB72"	21	37.41153	-76.07966	16492	7435	"ODU"	"KM"	8	16	"08 16"	597	0.658401584698049	0.752666827532008	48420	0.980544747081712	52591.0416666667	98408.9583333333	85.540885074038	37.572647	25.425	28.2	5.44	7.93	2
"SB082916TAWCSCB72D20BR1TR1I241"	"CB72"	19	37.41153	-76.07966	28510	12871	"ODU"	"KM"	8	16	"08 16"	618	0.349647455251229	0.936881346295431	51000	0.88715953307393	35980.4166666667	133699.862588652	95.3490427627895	36.4788875	26.42	28.69	6	7.86	2
"SB081216TAWCSCB64D10BR2TR1I199"	"CB64"	8	37.23653	-76.2079899999999	13129	5920	"ODU"	"KM"	8	16	"08 16"	598	0.645348113229551	0.763888612790542	60840	0.857142857142857	59022.5	103536.25	50.4965045597964	37.1918555	26.692	23.92	4.25	7.87	2
"SB082916TAWCSCB64D10BR1TR1I236"	"CB64"	9	37.23653	-76.20799	866657	395376	"ODU"	"KM"	8	16	"08 16"	620	0.317191288589106	0.948361580012172	38460	0.964285714285714	33572.2916666667	130080	88.9262014929278	44.9856745	26.363	26.77	5.03	7.83	2
"SB081216TAWCSCB73D12BR1TR1I205"	"CB73"	12	37.11681	-76.12521	294967	128423	"ODU"	"KM"	8	16	"08 16"	597	0.658401584698049	0.752666827532008	39300	0.912280701754386	52591.0416666667	98408.9583333333	89.3090097918356	41.635517	25.984	28.58	6.26	8.02	2
"SB082916TAWCSCB74D13BR1TR1I246"	"CB74"	14	36.9957	-76.02048	50996	23888	"ODU"	"KM"	8	16	"08 16"	618	0.349647455251229	0.936881346295431	35700	0.933333333333333	35980.4166666667	133699.862588652	55.7002258131331	30.9938615	23.825	31.09	7.37	7.93	2
"SB041117TAWCSCB22D11BR2TR1I288"	"CB22"	11	39.34873	-76.17579	106838	63587	"DNR"	"e_15_1"	4	17	"04 17"	845	0.397542814282554	-0.917583626059394	36780	0.912442396313364	137038.541666667	1772354.16666667	16.8832553635711	17.328412	12	0	11.2	7.7	1
"SB041117TAWCSCB31D13BR1TR1I289"	"CB31"	13	39.2495	-76.2405	297215	176211	"DNR"	"e_15_1"	4	17	"04 17"	845	0.397542814282554	-0.917583626059394	34200	0.933908045977012	137038.541666667	1772354.16666667	68.349480894013	31.364806	9.5	9.08	7.4	7.3	1
"SB041117TAWCSCB32D10BR2TR1I290"	"CB32"	9	39.16369	-76.30631	119832	70910	"DNR"	"e_15_1"	4	17	"04 17"	845	0.397542814282554	-0.917583626059394	31500	0.727272727272727	137038.541666667	1772354.16666667	27.5296989984844	29.623762	9.7	8.69	7.6	7.6	1
"SB041117TAWCSCB33CD5BR1TR1I286"	"CB33C"	0	38.99596	-76.35967	54191	33224	"DNR"	"e_15_1"	4	17	"04 17"	844	0.381689220266658	-0.924290722193094	54540	0	133209.6875	1769062.5	47.0316911665855	22.9357545	11.7	3	10.2	7.7	1
"SB041117TAWCSCB33CD24BR1TR1I291"	"CB33C"	23	38.99596	-76.3596699999999	151040	94033	"DNR"	"e_15_1"	4	17	"04 17"	844	0.381689220266658	-0.924290722193094	54540	0.907521578298397	133209.6875	1769062.5	21.2287524662569	25.6613865	7.5	17.66	6.3	7.3	1
"SB041117TAWCSCB42CD26BR1TR1I293"	"CB42C"	26	38.64618	-76.42127	103836	61523	"DNR"	"e_15_1"	4	17	"04 17"	844	0.381689220266658	-0.924290722193094	41280	0.943310657596372	133209.6875	1769062.5	40.7633405117006	29.5193445	8	20.15	6.9	7.6	3
"SB041117TAWCSCB43CD27BR1TR1I294"	"CB43C"	26	38.55505	-76.42794	249894	157280	"DNR"	"e_15_1"	4	17	"04 17"	844	0.381689220266658	-0.924290722193094	35580	0.943894389438944	133209.6875	1769062.5	31.2900810831427	29.9108075	8.4	20.43	7.1	7.6	3
"SB041117TAWCSCB44D31BR1TR1I295"	"CB44"	31	38.41457	-76.34565	206883	127076	"DNR"	"e_15_1"	4	17	"04 17"	843	0.36572252349727	-0.930723931037979	50520	0.964730290456432	127348.333333333	1724135.41666667	43.5024176423141	35.117786	9.4	23.24	7.5	7.7	3
"SB041117TAWCSCB51D33BR1TR1I296"	"CB51"	34	38.3187	-76.29215	271079	169525	"DNR"	"e_15_1"	4	17	"04 17"	843	0.36572252349727	-0.930723931037979	47700	0.987096774193548	127348.333333333	1724135.41666667	46.349826401874	33.15928	9.6	23.87	7.6	7.7	3
"SB041117TAWCSCB53D5BR1TR1I284"	"CB53"	0	37.91011	-76.17137	112186	66940	"DNR"	"e_15_1"	4	17	"04 17"	843	0.36572252349727	-0.930723931037979	38880	0	127348.333333333	1724135.41666667	19.3152813807228	21.523849	12	14.73	11	8.2	3
"SB041117TAWCSCB54D25BR1TR1I300"	"CB54"	1	37.80013	-76.17466	150804	91730	"ODU"	"e_15_1"	4	17	"04 17"	843	0.36572252349727	-0.930723931037979	31620	0.0311890838206628	127348.333333333	1724135.41666667	9.8622408041707	21.060734	11.819	15.74	10.83	8.42	3
"SB041117TAWCSCB54D25BR2TR1I310"	"CB54"	25	37.80013	-76.17466	140713	87337	"ODU"	"e_15_1"	4	17	"04 17"	843	0.36572252349727	-0.930723931037979	31620	0.779727095516569	127348.333333333	1724135.41666667	50.411989294545	32.990898	10.423	23.61	7.67	7.96	3
"SB041117TAWCSCB71D20BR1TR1I306"	"CB71"	1	37.68346	-75.98966	336467	203390	"ODU"	"e_15_1"	4	17	"04 17"	842	0.349647455251228	-0.936881346295432	55380	0.0555555555555556	119398.854166667	1634033.33333333	26.0571700842493	25.886304	12.539	19.49	9.82	8.15	3
"SB041117TAWCSCB71D20BR2TR1I315"	"CB71"	16	37.68346	-75.98966	123300	76769	"ODU"	"e_15_1"	4	17	"04 17"	842	0.349647455251228	-0.936881346295432	55380	0.888888888888889	119398.854166667	1634033.33333333	39.6978044776972	28.789427	11.57	20.89	8.59	8.03	3
"SB041117TAWCSCB61D11BR1TR1I302"	"CB61"	1	37.58847	-76.16216	104065	64615	"ODU"	"e_15_2"	4	17	"04 17"	843	0.36572252349727	-0.930723931037979	41160	0.0826446280991736	127348.333333333	1724135.41666667	23.0612313915992	24.3974995	12.511	17.68	10.41	8.33	3
"SB041117TAWCSCB61D11BR1TR1I311"	"CB61"	11	37.58847	-76.16216	120910	74983	"ODU"	"e_15_2"	4	17	"04 17"	843	0.36572252349727	-0.930723931037979	41160	0.909090909090909	127348.333333333	1724135.41666667	45.7978113437784	30.7680805	11.493	21.86	8.82	8.12	3
"SB041117TAWCSCB62D9BR1TR1I303"	"CB62"	1	37.4868	-76.15633	63158	38722	"ODU"	"e_15_1"	4	17	"04 17"	843	0.36572252349727	-0.930723931037979	49200	0.0975609756097561	127348.333333333	1724135.41666667	47.1182889066272	33.477367	12.569	18.42	10.14	8.3	3
"SB041117TAWCSCB62D9BR1TR1I312"	"CB62"	9	37.4868	-76.15633	235295	147316	"ODU"	"e_15_1"	4	17	"04 17"	843	0.36572252349727	-0.930723931037979	49200	0.878048780487805	127348.333333333	1724135.41666667	36.7949395720087	29.1455425	11.318	20.7	9.07	8.19	3
"SB041117TAWCSCB63D10BR1TR1I304"	"CB63"	1	37.41153	-76.15966	165451	103968	"ODU"	"e_15_1"	4	17	"04 17"	843	0.36572252349727	-0.930723931037979	51480	0.0879120879120879	127348.333333333	1724135.41666667	32.994872381364	27.335326	13.323	20.32	9.73	8.23	3
"SB041117TAWCSCB72D20BR1TR1I307"	"CB72"	1	37.41153	-76.07966	108463	65766	"ODU"	"e_15_1"	4	17	"04 17"	842	0.349647455251228	-0.936881346295432	49200	0.0466926070038911	119398.854166667	1634033.33333333	25.643809113347	28.0202095	12.66	20.58	9.76	8.13	3
"SB041117TAWCSCB63D10BR2TR1I313"	"CB63"	10	37.41153	-76.15966	554365	338989	"ODU"	"e_15_1"	4	17	"04 17"	843	0.36572252349727	-0.930723931037979	51480	0.879120879120879	127348.333333333	1724135.41666667	41.9364476906394	29.515861	11.706	20.67	9.16	8.2	3
"SB041117TAWCSCB72D20BR1TR1I316"	"CB72"	21	37.41153	-76.07966	285662	174828	"ODU"	"e_15_1"	4	17	"04 17"	842	0.349647455251228	-0.936881346295432	49200	0.980544747081712	119398.854166667	1634033.33333333	46.4963103946007	31.415088	11.687	24.37	8.27	8.05	3
"SB041117TAWCSCB73D12BR1TR1I308"	"CB73"	1	37.11681	-76.12521	163255	102692	"ODU"	"e_15_1"	4	17	"04 17"	842	0.349647455251228	-0.936881346295432	40740	0.0760233918128655	119398.854166667	1634033.33333333	50.9893925656032	30.0600035	12.206	23.57	9.39	8.08	3
"SB041117TAWCSCB73D12BR1TR1I317"	"CB73"	12	37.11681	-76.12521	253634	157877	"ODU"	"e_15_1"	4	17	"04 17"	842	0.349647455251228	-0.936881346295432	40740	0.912280701754386	119398.854166667	1634033.33333333	44.5211460498167	34.6792375	11.883	25.44	8.99	8.07	3
"SB050817TAWCSCB22D11BR1TR1I322"	"CB22"	11	39.34873	-76.17579	188611	111797	"DNR"	"e_15_1"	5	17	"05 17"	873	0.777597146973626	-0.628762814595835	36720	0.912442396313364	261919.0625	1211446.85283688	27.4421361468519	28.2054915	14.6	0	10.1	7.6	1
"SB050817TAWCSCB31D13BR1TR1I323"	"CB31"	13	39.2495	-76.2405	199676	114717	"DNR"	"e_15_1"	5	17	"05 17"	873	0.777597146973626	-0.628762814595835	34260	0.933908045977012	261919.0625	1211446.85283688	53.1186505444048	35.799916	15	9.14	4	7.2	1
"SB050817TAWCSCB32D10BR2TR1I324"	"CB32"	9	39.16369	-76.30631	524847	313175	"DNR"	"e_15_1"	5	17	"05 17"	873	0.777597146973626	-0.628762814595835	32100	0.727272727272727	261919.0625	1211446.85283688	44.1205470894596	34.756588	14.6	10.5	2.7	7.1	1
"SB050817TAWCSCB33CD5BR1TR1I320"	"CB33C"	0	38.99596	-76.3596699999999	387376	230425	"DNR"	"e_15_1"	5	17	"05 17"	872	0.766658819300159	-0.642054713236564	54060	0	274714.895833333	1154384.35283688	42.6600297777374	32.3558795	17.6	2.71	10.5	8.4	1
"SB050817TAWCSCB33CD24BR1TR1I325"	"CB33C"	24	38.99596	-76.35967	114692	68316	"DNR"	"e_15_1"	5	17	"05 17"	872	0.766658819300159	-0.642054713236564	54060	0.946979038224414	274714.895833333	1154384.35283688	30.8750430080053	32.31158	12.5	16.02	1.1	7.1	1
"SB050817TAWCSCB42CD26BR1TR1I327"	"CB42C"	26	38.64618	-76.42127	136643	83579	"DNR"	"e_15_1"	5	17	"05 17"	872	0.766658819300159	-0.642054713236564	40680	0.943310657596372	274714.895833333	1154384.35283688	35.8416479855106	34.3120915	13.9	18.21	2.1	7.2	2
"SB050817TAWCSCB43CD27BR1TR1I328"	"CB43C"	26	38.55505	-76.42794	177222	103084	"DNR"	"e_15_1"	5	17	"05 17"	872	0.766658819300159	-0.642054713236564	35280	0.943894389438944	274714.895833333	1154384.35283688	51.403822565851	34.9151515	14.1	18.41	2.3	7.2	2
"SB050817TAWCSCB44D31BR1TR1I329"	"CB44"	31	38.41457	-76.34565	119216	72435	"DNR"	"e_15_1"	5	17	"05 17"	871	0.755493314072679	-0.655156357209086	51540	0.964730290456432	266519.166666667	1080023.93617021	39.3828950906544	33.628678	14.4	19.11	2.8	7.3	2
"SB050817TAWCSCB51D33BR1TR1I330"	"CB51"	34	38.3187	-76.29215	490976	301243	"DNR"	"e_15_1"	5	17	"05 17"	871	0.755493314072679	-0.655156357209086	48480	0.987096774193548	266519.166666667	1080023.93617021	48.3141712906461	36.7350725	15.4	19.45	3.8	7.4	3
"SB050817TAWCSCB53D5BR1TR1I318"	"CB53"	0	37.91011	-76.17137	207085	123444	"DNR"	"e_15_1"	5	17	"05 17"	871	0.755493314072679	-0.655156357209086	38280	0	266519.166666667	1080023.93617021	30.004401165016	32.43069	17.1	14.73	8.9	8.1	3
"SB050817TAWCSCB53D25BR2TR1I333"	"CB53"	26	37.91011	-76.17137	271421	162463	"DNR"	"e_15_1"	5	17	"05 17"	871	0.755493314072679	-0.655156357209086	38280	0.977181208053691	266519.166666667	1080023.93617021	46.282937053386	36.079907	16.7	19.66	5.1	7.6	2
"SB050817TAWCSCB54D25BR1TR1I334"	"CB54"	1	37.80013	-76.17466	156059	95714	"ODU"	"e_15_1"	5	17	"05 17"	871	0.755493314072679	-0.655156357209086	33900	0.0311890838206628	266519.166666667	1080023.93617021	33.6048674905719	31.704482	17.265	15.63	8.68	8.16	3
"SB050817TAWCSCB54D25BR1TR1I343"	"CB54"	26	37.80013	-76.17466	263103	160238	"ODU"	"e_15_1"	5	17	"05 17"	871	0.755493314072679	-0.655156357209086	33900	0.810916179337232	266519.166666667	1080023.93617021	48.2869604860806	37.028105	16.987	19.77	5.18	7.71	2
"SB050817TAWCSCB71D20BR1TR1I340"	"CB71"	1	37.68346	-75.98966	225310	134998	"ODU"	"e_15_1"	5	17	"05 17"	871	0.755493314072679	-0.655156357209086	51540	0.0555555555555556	266519.166666667	1080023.93617021	43.5303986814051	31.350274	18.299	18.58	8.73	8.13	3
"SB050817TAWCSCB71D20BR2TR1I349"	"CB71"	21	37.68346	-75.98966	265877	163318	"ODU"	"e_15_1"	5	17	"05 17"	871	0.755493314072679	-0.655156357209086	51540	1.16666666666667	266519.166666667	1080023.93617021	57.1748540792404	41.06116	17.702	19.56	6.95	7.98	3
"SB050817TAWCSCB61D11BR1TR1I336"	"CB61"	1	37.58847	-76.16216	672120	422045	"ODU"	"e_15_2"	5	17	"05 17"	870	0.744103939871361	-0.668063864213533	63480	0.0826446280991736	246552.604166667	1011747.91666667	46.2686264085767	33.642356	17.813	17.38	9.25	8.24	3
"SB050817TAWCSCB61D11BR1TR1I345"	"CB61"	11	37.58847	-76.16216	132825	78924	"ODU"	"e_15_1"	5	17	"05 17"	870	0.744103939871361	-0.668063864213533	63480	0.909090909090909	246552.604166667	1011747.91666667	50.4018360751717	35.4326705	17.643	19.38	6.32	7.89	3
"SB050817TAWCSCB62D9BR1TR1I337"	"CB62"	1	37.4868	-76.15633	290243	171807	"ODU"	"e_15_1"	5	17	"05 17"	870	0.744103939871361	-0.668063864213533	55680	0.0975609756097561	246552.604166667	1011747.91666667	39.6214775620954	32.9564245	17.806	17.76	9.23	8.21	3
"SB050817TAWCSCB62D9BR1TR1I346"	"CB62"	9	37.4868	-76.15633	349372	171999	"ODU"	"e_15_1"	5	17	"05 17"	870	0.744103939871361	-0.668063864213533	55680	0.878048780487805	246552.604166667	1011747.91666667	64.7047948031991	41.522581	17.414	18.53	7.71	8.03	3
"SB050817TAWCSCB63D10BR1TR1I338"	"CB63"	1	37.41153	-76.15966	806740	497889	"ODU"	"e_15_1"	5	17	"05 17"	871	0.755493314072679	-0.655156357209086	58200	0.0879120879120879	266519.166666667	1080023.93617021	42.7393903323477	33.832252	18.279	18.77	9.23	8.24	3
"SB050817TAWCSCB72D20BR1TR1I341"	"CB72"	1	37.41153	-76.07966	168383	102772	"ODU"	"e_15_1"	5	17	"05 17"	870	0.744103939871361	-0.668063864213533	52440	0.0466926070038911	246552.604166667	1011747.91666667	41.7603771429743	31.911611	17.948	19.35	8.98	8.17	3
"SB050817TAWCSCB63D10BR2TR1I347"	"CB63"	11	37.41153	-76.15966	108723	66490	"ODU"	"e_15_1"	5	17	"05 17"	871	0.755493314072679	-0.655156357209086	58200	0.967032967032967	266519.166666667	1080023.93617021	54.5322495201632	34.3824215	17.492	20.32	7.43	8.04	3
"SB050817TAWCSCB72D20BR1TR1I350"	"CB72"	18	37.41153	-76.07966	144783	89339	"ODU"	"e_15_1"	5	17	"05 17"	870	0.744103939871361	-0.668063864213533	52440	0.840466926070039	246552.604166667	1011747.91666667	50.8719154902829	33.453251	17.209	27.67	6.54	7.94	3
"SB050817TAWCSCB73D12BR1TR1I342"	"CB73"	1	37.11681	-76.12521	92029	55478	"ODU"	"e_15_1"	5	17	"05 17"	870	0.744103939871361	-0.668063864213533	41760	0.0760233918128655	246552.604166667	1011747.91666667	62.7587220910741	38.327682	17.739	23.32	8.37	8.04	3
"SB050817TAWCSCB73D12BR1TR1I351"	"CB73"	12	37.11681	-76.12521	266819	159841	"ODU"	"e_15_1"	5	17	"05 17"	870	0.744103939871361	-0.668063864213533	41760	0.912280701754386	246552.604166667	1011747.91666667	75.6895943163131	41.0181855	17.468	25.36	7.46	8	3
"SB060517TAWCSCB22D11BR2TR1I356"	"CB22"	11	39.34873	-76.17579	115709	66689	"DNR"	"e_15_1"	6	17	"06 17"	901	0.980469160361632	-0.196672889793576	37020	0.912442396313364	248662.916666667	600877.083333333	46.0398934954016	40.888791	20.2	5.04	3.2	7.2	1
"SB060517TAWCSCB31D13BR1TR1I357"	"CB31"	13	39.2495	-76.2405	126701	76299	"DNR"	"e_15_1"	6	17	"06 17"	901	0.980469160361632	-0.196672889793576	34200	0.933908045977012	248662.916666667	600877.083333333	33.999445284196	37.204478	18.2	10.37	0.4	7.1	1
"SB062617TAWCSCB31D13BR1TR1I357"	"CB31"	13	39.2495	-76.2405	307461	166807	"DNR"	"spr14"	6	17	"06 17"	921	0.989314203970367	0.145799196919873	33780	0.933908045977012	70008.8541666667	449347.916666667	41.6099115732529	42.971574	24.5	7.3	3	7.3	1
"SB060517TAWCSCB32D10BR2TR1I358"	"CB32"	10	39.16369	-76.30631	272143	169733	"DNR"	"e_15_1"	6	17	"06 17"	901	0.980469160361632	-0.196672889793576	31800	0.808080808080808	248662.916666667	600877.083333333	75.2942352024325	40.131701	17.6	12.59	0.3	7.1	2
"SB061517TAWCSCB33CD0BR2TR1I558"	"CB33C"	0	38.9973833333333	-76.3588833333333	115263	71073	"Preheim"	"e_15_2"	6	17	"06 17"	908	0.997001169925015	-0.0773864792334631	32520	0	79910	697091.666666667	42.8519289715555	35.5764205	23.903	6.89	7.58	7.88	1
"SB060117TAWCSCB33CD0BR2TR1I542"	"CB33C"	0	38.99736111	-76.35916667	42344	19080	"Preheim"	"KM"	6	17	"06 17"	894	0.949717842791431	-0.313107040935828	35040	0	247467.916666667	465745.833333333	96.5728893995013	49.2671125	19.67	5.42	8.61	7.7	1
"SB060517TAWCSCB33CD5BR1TR1I354"	"CB33C"	0	38.99596	-76.35967	125264	74259	"DNR"	"e_15_1"	6	17	"06 17"	900	0.976938492777182	-0.213520915439795	54180	0	249327.291666667	588862.5	40.9978652859964	35.7860355	21.3	5.88	8.9	8.3	1
"SB060117TAWCSCB33CD1BR1TR1I525"	"CB33C"	1	38.99736111	-76.35916667	271053	121437	"Preheim"	"KM"	6	17	"06 17"	894	0.949717842791431	-0.313107040935828	35760	0.0394574599260173	247467.916666667	465745.833333333	63.6727681243938	40.2250205	19.63	5.46	8.84	7.77	1
"SB061517TAWCSCB33CD2BR1TR1I561"	"CB33C"	2	38.9973833333333	-76.3588833333333	141742	87617	"Preheim"	"e_15_2"	6	17	"06 17"	908	0.997001169925015	-0.0773864792334631	33180	0.0789149198520345	79910	697091.666666667	56.5267703328988	37.508024	23.693	7.5	6.43	7.63	1
"SB060117TAWCSCB33CD2BR1TR1I526"	"CB33C"	2	38.99736111	-76.35916667	15188	6622	"Preheim"	"KM"	6	17	"06 17"	894	0.949717842791431	-0.313107040935828	36540	0.0789149198520345	247467.916666667	465745.833333333	45.4951933938205	28.987922	19.58	5.96	8.64	7.74	1
"SB060117TAWCSCB33CD3BR1TR1I527"	"CB33C"	3	38.99736111	-76.35916667	301775	131725	"Preheim"	"KM"	6	17	"06 17"	894	0.949717842791431	-0.313107040935828	37020	0.118372379778052	247467.916666667	465745.833333333	68.5722193497755	39.694983	19.67	7.12	8.58	7.89	1
"SB060117TAWCSCB33CD4BR1TR1I528"	"CB33C"	4	38.99736111	-76.35916667	124659	57237	"Preheim"	"KM"	6	17	"06 17"	894	0.949717842791431	-0.313107040935828	37620	0.157829839704069	247467.916666667	465745.833333333	51.5283932501527	37.507637	19.73	7.35	8.82	8.07	3
"SB060117TAWCSCB33CD5BR1TR1I529"	"CB33C"	5	38.99736111	-76.35916667	201237	92137	"Preheim"	"KM"	6	17	"06 17"	894	0.949717842791431	-0.313107040935828	38100	0.197287299630086	247467.916666667	465745.833333333	57.9861834494639	38.928612	19.11	8.12	7.13	7.56	1
"SB061517TAWCSCB33CD6BR1TR1I563"	"CB33C"	6	38.9973833333333	-76.3588833333333	436507	265422	"Preheim"	"e_15_2"	6	17	"06 17"	908	0.997001169925015	-0.0773864792334631	34260	0.236744759556104	79910	697091.666666667	57.7207992000087	39.2812825	21.073	11.27	2.14	7.07	2
"SB060117TAWCSCB33CD6BR1TR1I530"	"CB33C"	6	38.99736111	-76.35916667	164022	73275	"Preheim"	"KM"	6	17	"06 17"	894	0.949717842791431	-0.313107040935828	38580	0.236744759556104	247467.916666667	465745.833333333	86.2759476074111	55.6877645	18.7	9.26	6	7.31	1
"SB060117TAWCSCB33CD7BR1TR1I531"	"CB33C"	7	38.99736111	-76.35916667	24920	10806	"Preheim"	"KM"	6	17	"06 17"	894	0.949717842791431	-0.313107040935828	39060	0.276202219482121	247467.916666667	465745.833333333	67.6590024214613	35.558072	17.86	11.16	3.67	7.12	1
"SB060117TAWCSCB33CD8BR1TR1I532"	"CB33C"	8	38.99736111	-76.35916667	100944	43838	"Preheim"	"KM"	6	17	"06 17"	894	0.949717842791431	-0.313107040935828	39660	0.315659679408138	247467.916666667	465745.833333333	75.5384917680714	41.001757	17.93	11.45	3.59	7.12	2
"SB060117TAWCSCB33CD8BR2TR1I546"	"CB33C"	9	38.99736111	-76.35916667	280111	124673	"Preheim"	"KM"	6	17	"06 17"	894	0.949717842791431	-0.313107040935828	40260	0.355117139334155	247467.916666667	465745.833333333	69.8708409904066	49.967188	16.999	14.23	1.28	7	2
"SB061517TAWCSCB33CD8BR1TR1I564"	"CB33C"	8	38.9973833333333	-76.3588833333333	251240	122662	"Preheim"	"spr14"	6	17	"06 17"	908	0.997001169925015	-0.0773864792334631	34920	0.315659679408138	79910	697091.666666667	60.1402539197837	44.3654295	18.584	15.12	0.27	6.98	2
"SB060117TAWCSCB33CD10BR2TR1I547"	"CB33C"	10	38.99736111	-76.35916667	312106	138401	"Preheim"	"KM"	6	17	"06 17"	894	0.949717842791431	-0.313107040935828	40800	0.394574599260173	247467.916666667	465745.833333333	65.9056335181848	40.580046	16.83	14.92	0.88	6.99	2
"SB060117TAWCSCB33CD11BR1TR1I535"	"CB33C"	11	38.99736111	-76.35916667	157851	70986	"Preheim"	"KM"	6	17	"06 17"	894	0.949717842791431	-0.313107040935828	41400	0.43403205918619	247467.916666667	465745.833333333	81.1856236478087	41.509326	16.79	15.31	0.65	6.98	2
"SB060117TAWCSCB33CD12BR1TR1I536"	"CB33C"	12	38.99736111	-76.35916667	986800	631561	"Preheim"	"e_15_2"	6	17	"06 17"	894	0.949717842791431	-0.313107040935828	42000	0.473489519112207	247467.916666667	465745.833333333	88.3027883303965	45.871252	16.75	15.44	0.58	6.98	2
"SB060117TAWCSCB33CD13BR1TR1I537"	"CB33C"	13	38.99736111	-76.35916667	19491	9010	"Preheim"	"KM"	6	17	"06 17"	894	0.949717842791431	-0.313107040935828	42600	0.512946979038224	247467.916666667	465745.833333333	68.5926030921872	33.547641	16.71	15.67	0.5	6.99	2
"SB060117TAWCSCB33CD14BR1TR1I538"	"CB33C"	14	38.99736111	-76.35916667	34305	15257	"Preheim"	"KM"	6	17	"06 17"	894	0.949717842791431	-0.313107040935828	43140	0.552404438964242	247467.916666667	465745.833333333	62.8287661951474	40.962974	16.7	16.29	0.43	6.99	2
"SB061517TAWCSCB33CD14BR1TR1I567"	"CB33C"	14	38.9973833333333	-76.3588833333333	51377	27807	"Preheim"	"spr14"	6	17	"06 17"	908	0.997001169925015	-0.0773864792334631	36900	0.552404438964242	79910	697091.666666667	46.1609484366256	39.942161	18.048	18.94	0.14	7.04	2
"SB060117TAWCSCB33CD15BR1TR1I539"	"CB33C"	15	38.99736111	-76.35916667	145830	64339	"Preheim"	"KM"	6	17	"06 17"	894	0.949717842791431	-0.313107040935828	43680	0.591861898890259	247467.916666667	465745.833333333	74.1423823285315	41.025862	16.67	16.25	0.39	6.99	2
"SB061517TAWCSCB33CD21BR1TR1I571"	"CB33C"	21	38.9973833333333	-76.3588833333333	114932	71482	"Preheim"	"e_15_2"	6	17	"06 17"	908	0.997001169925015	-0.0773864792334631	39540	0.828606658446362	79910	697091.666666667	68.9982854736525	45.0257045	18.0765	19.27	0.14	7.06	2
"SB060117TAWCSCB33CD21BR2TR1I554"	"CB33C"	21	38.9979187338577	-76.3591160886891	16572	7085	"Preheim"	"KM"	6	17	"06 17"	894	0.949717842791431	-0.313107040935828	33347	0.828606658446362	247467.916666667	465745.833333333	60.1201698067769	31.360965	16.62688	16.9656	0.3574	7	2
"SB060517TAWCSCB33CD24BR1TR1I359"	"CB33C"	24	38.99596	-76.35967	199213	118220	"DNR"	"e_15_1"	6	17	"06 17"	900	0.976938492777182	-0.213520915439795	54180	0.946979038224414	249327.291666667	588862.5	59.0622467833138	40.368969	17.2	16.7	0.57	7.1	2
"SB060517TAWCSCB42CD26BR1TR1I361"	"CB42C"	27	38.64618	-76.42127	47968	28896	"DNR"	"e_15_1"	6	17	"06 17"	900	0.976938492777182	-0.213520915439795	41160	0.979591836734694	249327.291666667	588862.5	49.1561874845949	36.7825085	18	18.35	1.3	7.2	2
"SB060517TAWCSCB43CD27BR1TR1I362"	"CB43C"	26	38.55505	-76.42794	225600	137838	"DNR"	"e_15_1"	6	17	"06 17"	900	0.976938492777182	-0.213520915439795	35460	0.943894389438944	249327.291666667	588862.5	42.2593006214997	37.2994565	18.3	18.97	1.7	7.3	2
"SB062617TAWCSCB43CD27BR1TR1I362"	"CB43C"	26	38.55505	-76.42794	89208	48899	"DNR"	"spr14"	6	17	"06 17"	920	0.99167731989929	0.12874817745258	34800	0.943894389438944	70358.8541666667	453741.666666667	73.0064504880076	47.010177	20.2	17.93	0.39	7.3	2
"SB060517TAWCSCB44D5BR1TR1I353"	"CB44"	0	38.41457	-76.34565	278658	165290	"DNR"	"e_15_1"	6	17	"06 17"	899	0.973118337233262	-0.230305670230613	52380	0	249662.916666667	576329.166666667	44.5881411842719	36.935778	22.6	9.65	10.4	8.6	3
"SB060517TAWCSCB44D31BR1TR1I363"	"CB44"	31	38.41457	-76.34565	191045	115555	"DNR"	"e_15_1"	6	17	"06 17"	899	0.973118337233262	-0.230305670230613	52380	0.964730290456432	249662.916666667	576329.166666667	47.3910304789044	40.026372	18.5	19.38	2.3	7.3	2
"SB062617TAWCSCB44D31BR1TR1I363"	"CB44"	31	38.41457	-76.34565	93683	48726	"DNR"	"spr14"	6	17	"06 17"	919	0.993746580436178	0.111659007121696	52020	0.964730290456432	70498.75	461008.333333333	59.4353567471576	47.2240285	20	18.69	0.5	7.3	2
"SB060517TAWCSCB51D33BR1TR1I364"	"CB51"	33	38.3187	-76.29215	96798	56281	"DNR"	"e_15_1"	6	17	"06 17"	899	0.973118337233262	-0.230305670230613	49500	0.958064516129032	249662.916666667	576329.166666667	39.6035731469771	35.372026	18.7	19.73	2.7	7.4	2
"SB060517TAWCSCB53D5BR1TR1I352"	"CB53"	0	37.91011	-76.17137	147261	86490	"DNR"	"e_15_1"	6	17	"06 17"	899	0.973118337233262	-0.230305670230613	39660	0	249662.916666667	576329.166666667	48.263155173371	41.422445	22.3	10.3	8.9	8.4	3
"SB060517TAWCSCB53D25BR2TR1I367"	"CB53"	26	37.91011	-76.17137	117053	68252	"DNR"	"e_15_1"	6	17	"06 17"	899	0.973118337233262	-0.230305670230613	39660	0.977181208053691	249662.916666667	576329.166666667	52.4421831709022	37.9418155	19.5	21.41	3.7	7.5	2
"SB062617TAWCSCB53D25BR1TR1I366"	"CB53"	25	37.91011	-76.17137	246926	125912	"DNR"	"spr14"	6	17	"06 17"	919	0.993746580436178	0.111659007121696	39780	0.939597315436242	70498.75	461008.333333333	49.5810506324971	46.495631	21.5	19.11	0.8	7.3	2
"SB060517TAWCSCB54D25BR1TR1I368"	"CB54"	1	37.80013	-76.17466	139915	83809	"ODU"	"e_15_1"	6	17	"06 17"	899	0.973118337233262	-0.230305670230613	50160	0.0311890838206628	249662.916666667	576329.166666667	65.2485836036162	38.6381175	22.884	11.65	9.59	8.54	3
"SB060517TAWCSCB54D25BR1TR1I377"	"CB54"	25	37.80013	-76.17466	779994	464363	"ODU"	"e_15_1"	6	17	"06 17"	899	0.973118337233262	-0.230305670230613	50160	0.779727095516569	249662.916666667	576329.166666667	39.574119150293	39.7925425	19.745	21.78	3.95	7.71	2
"SB060517TAWCSCB71D20BR1TR1I374"	"CB71"	1	37.68346	-75.98966	134262	82243	"ODU"	"e_15_1"	6	17	"06 17"	900	0.976938492777182	-0.213520915439795	28920	0.0555555555555556	249327.291666667	588862.5	37.4035996856376	32.4898055	22.222	16.04	7.96	8.36	3
"SB060517TAWCSCB71D20BR1TR1I383"	"CB71"	16	37.68346	-75.98966	214148	125552	"ODU"	"e_15_1"	6	17	"06 17"	900	0.976938492777182	-0.213520915439795	28920	0.888888888888889	249327.291666667	588862.5	42.5218662281425	40.7843155	20.316	21.38	4.32	7.81	2
"SB060517TAWCSCB61D11BR1TR1I370"	"CB61"	1	37.58847	-76.16216	241127	145231	"ODU"	"e_15_1"	6	17	"06 17"	899	0.973118337233262	-0.230305670230613	43620	0.0826446280991736	249662.916666667	576329.166666667	42.0568014961377	32.5260715	22.69	14.58	8.97	8.31	3
"SB060517TAWCSCB61D11BR1TR1I379"	"CB61"	11	37.58847	-76.16216	907759	551660	"ODU"	"e_15_1"	6	17	"06 17"	899	0.973118337233262	-0.230305670230613	43620	0.909090909090909	249662.916666667	576329.166666667	34.2411438716476	38.169346	19.594	21.25	2.93	7.56	2
"SB060517TAWCSCB62D9BR1TR1I371"	"CB62"	1	37.4868	-76.15633	198413	119135	"ODU"	"e_15_1"	6	17	"06 17"	899	0.973118337233262	-0.230305670230613	37380	0.0975609756097561	249662.916666667	576329.166666667	41.8924889618332	32.6515075	22.596	14.03	9.12	8.31	3
"SB060517TAWCSCB62D9BR1TR1I380"	"CB62"	9	37.4868	-76.15633	286400	168853	"ODU"	"e_15_1"	6	17	"06 17"	899	0.973118337233262	-0.230305670230613	37380	0.878048780487805	249662.916666667	576329.166666667	44.4212164398566	39.299781	20.278	21.07	4.01	7.63	2
"SB060517TAWCSCB63D10BR1TR1I372"	"CB63"	1	37.41153	-76.15966	186704	111249	"ODU"	"e_15_1"	6	17	"06 17"	899	0.973118337233262	-0.230305670230613	34860	0.0879120879120879	249662.916666667	576329.166666667	35.3698283917211	31.2089745	22.551	14.44	9.02	8.2	3
"SB060517TAWCSCB63D10BR1TR1I381"	"CB63"	10	37.41153	-76.15966	285797	175166	"ODU"	"e_15_1"	6	17	"06 17"	899	0.973118337233262	-0.230305670230613	34860	0.879120879120879	249662.916666667	576329.166666667	47.4149829891903	38.5216705	20.513	21.65	4.21	7.6	2
"SB060517TAWCSCB73D12BR1TR1I376"	"CB73"	1	37.11681	-76.12521	161824	98672	"ODU"	"e_15_1"	6	17	"06 17"	907	0.995521372414475	-0.0945367498172005	40620	0.0760233918128655	91049.0625	711922.916666667	48.2618676723251	33.8722475	25.263	17.43	8.21	8.15	3
"SB060517TAWCSCB73D12BR1TR1I385"	"CB73"	12	37.11681	-76.12521	49967	30299	"ODU"	"e_15_1"	6	17	"06 17"	907	0.995521372414475	-0.0945367498172005	40620	0.912280701754386	91049.0625	711922.916666667	73.7234908730733	47.175459	18.986	29.59	6.24	7.86	2
"SB071017TAWCSCB22D11BR2TR1I390"	"CB22"	11	39.34873	-76.17579	349675	212880	"DNR"	"e_15_1"	7	17	"07 17"	935	0.92592477719385	0.377707965203965	35700	0.912442396313364	34380.1041666667	294008.333333333	16.0957365478742	28.954401	27.1	1.12	6.6	7.5	1
"SB071017TAWCSCB31D13BR1TR1I391"	"CB31"	13	39.2495	-76.2405	131185	79147	"DNR"	"e_15_1"	7	17	"07 17"	935	0.92592477719385	0.377707965203965	33420	0.933908045977012	34380.1041666667	294008.333333333	28.8471734205313	35.931054	25.5	6.31	3	7.3	1
"SB071017TAWCSCB32D10BR1TR1I392"	"CB32"	11	39.16369	-76.30631	147666	83435	"DNR"	"spr14"	7	17	"07 17"	935	0.92592477719385	0.377707965203965	31140	0.888888888888889	34380.1041666667	294008.333333333	67.4157380644935	46.8205615	23.6	10.95	0.48	7.2	1
"SB071017TAWCSCB33CD5BR1TR1I388"	"CB33C"	0	38.99596	-76.35967	129461	79508	"DNR"	"e_15_1"	7	17	"07 17"	934	0.932289213174513	0.361713730729768	53880	0	35425.3125	305929.166666667	49.3823290480309	42.2017505	27	7.43	7.9	8.2	3
"SB071717TAWCSCB33CD2BR1TR1I576"	"CB33C"	2	38.9979187338577	-76.3591160886891	64688	39541	"Preheim"	"e_15_2"	7	17	"07 17"	940	0.890027576434676	0.455906693508459	34560	0.0789149198520345	29979.2708333333	292847.916666667	34.0464516351437	35.418459	27.21	7.63	6.38	7.83	1
"SB071717TAWCSCB33CD6BR1TR1I578"	"CB33C"	6	38.9979187338577	-76.3591160886891	440282	232439	"Preheim"	"spr14"	7	17	"07 17"	940	0.890027576434676	0.455906693508459	35880	0.236744759556104	29979.2708333333	292847.916666667	28.6881131007645	51.6080175	25.79	10.84	2.34	7.23	1
"SB071717TAWCSCB33CD10BR1TR1I580"	"CB33C"	10	38.9979187338577	-76.3591160886891	310864	160919	"Preheim"	"spr14"	7	17	"07 17"	940	0.890027576434676	0.455906693508459	36780	0.394574599260173	29979.2708333333	292847.916666667	19.0858747547881	50.479734	23.34	16.89	0.21	7.16	2
"SB071717TAWCSCB33CD12BR1TR1I581"	"CB33C"	12	38.9979187338577	-76.3591160886891	171141	91283	"Preheim"	"spr14"	7	17	"07 17"	940	0.890027576434676	0.455906693508459	37260	0.473489519112207	29979.2708333333	292847.916666667	27.6605648604239	50.729376	23.27	18.17	0.19	7.18	2
"SB071717TAWCSCB33CD14BR1TR1I582"	"CB33C"	14	38.9979187338577	-76.3591160886891	55355	21163	"Preheim"	"spr14"	7	17	"07 17"	940	0.890027576434676	0.455906693508459	37680	0.552404438964242	29979.2708333333	292847.916666667	35.4055400618327	47.8013725	23.25	18.32	0.13	7.19	2
"SB071017TAWCSCB33CD24BR1TR1I393"	"CB33C"	24	38.99596	-76.3596699999999	309443	189702	"DNR"	"e_15_1"	7	17	"07 17"	934	0.932289213174513	0.361713730729768	53880	0.946979038224414	35425.3125	305929.166666667	13.5912952471631	46.265652	22.7	13.53	0.39	7.2	2
"SB071017TAWCSCB42CD26BR1TR1I395"	"CB42C"	26	38.64618	-76.42127	154323	89993	"DNR"	"e_15_1"	7	17	"07 17"	934	0.932289213174513	0.361713730729768	40680	0.943310657596372	35425.3125	305929.166666667	38.559860769796	48.7613085	22.6	17.11	0.41	7.3	2
"SB071017TAWCSCB43CD27BR1TR1I396"	"CB43C"	26	38.55505	-76.42794	179269	110498	"DNR"	"e_15_1"	7	17	"07 17"	934	0.932289213174513	0.361713730729768	35160	0.943894389438944	35425.3125	305929.166666667	47.441955371897	52.7880065	22.8	17.45	0.41	7.3	2
"SB071017TAWCSCB44D5BR1TR1I387"	"CB44"	0	38.41457	-76.34565	218759	128829	"DNR"	"e_15_1"	7	17	"07 17"	933	0.938377391740865	0.345612312670731	44700	0	36723.4375	318483.333333333	34.802843817901	34.3758065	27.4	10.95	9.6	8.4	3
"SB071017TAWCSCB44D31BR1TR1I397"	"CB44"	31	38.41457	-76.34565	179962	107572	"DNR"	"e_15_1"	7	17	"07 17"	933	0.938377391740865	0.345612312670731	44700	0.964730290456432	36723.4375	318483.333333333	77.1326106710676	47.523295	24.6	19.73	1.4	7.4	2
"SB071017TAWCSCB51D33BR1TR1I398"	"CB51"	33	38.3187	-76.29215	135307	82023	"DNR"	"e_15_1"	7	17	"07 17"	933	0.938377391740865	0.345612312670731	41400	0.958064516129032	36723.4375	318483.333333333	62.9948975535754	43.480889	24.7	20.85	1.6	7.4	2
"SB071017TAWCSCB54D25BR1TR1I402"	"CB54"	1	37.80013	-76.17466	174032	103994	"ODU"	"e_15_1"	7	17	"07 17"	936	0.919285969718611	0.393590276656466	51420	0.0311890838206628	33365.3125	283752.083333333	27.1973861632154	33.6233035	28.699	13.32	8.62	8.39	3
"SB071017TAWCSCB54D25BR2TR1I412"	"CB54"	25	37.80013	-76.17466	188682	117180	"ODU"	"e_15_1"	7	17	"07 17"	936	0.919285969718611	0.393590276656466	51420	0.779727095516569	33365.3125	283752.083333333	65.3694424242122	44.529223	24.703	23.8	2.12	7.53	2
"SB071017TAWCSCB71D20BR1TR1I408"	"CB71"	1	37.68346	-75.98966	701668	412534	"ODU"	"e_15_1"	7	17	"07 17"	937	0.912374757970728	0.40935595881562	42240	0.0555555555555556	32524.1666666667	275795.833333333	38.8596773349613	39.143141	29.22	16.94	7.47	8.22	3
"SB071017TAWCSCB71D20BR1TR1I417"	"CB71"	16	37.68346	-75.98966	110446	70238	"ODU"	"e_15_2"	7	17	"07 17"	937	0.912374757970728	0.40935595881562	42240	0.888888888888889	32524.1666666667	275795.833333333	81.9838115879317	46.3902055	25.573	22.39	2.42	7.56	2
"SB071017TAWCSCB61D11BR1TR1I404"	"CB61"	1	37.58847	-76.16216	162924	98685	"ODU"	"e_15_2"	7	17	"07 17"	936	0.919285969718611	0.393590276656466	45180	0.0826446280991736	33365.3125	283752.083333333	30.9675225533926	35.8850475	28.664	15.12	8.33	8.29	3
"SB071017TAWCSCB62D9BR1TR1I405"	"CB62"	1	37.4868	-76.15633	297513	185804	"ODU"	"e_15_1"	7	17	"07 17"	936	0.919285969718611	0.393590276656466	37980	0.0975609756097561	33365.3125	283752.083333333	34.9858394593324	37.8298735	28.41	16.42	7.74	8.2	3
"SB071017TAWCSCB63D10BR1TR1I406"	"CB63"	1	37.41153	-76.15966	135197	81313	"ODU"	"e_15_1"	7	17	"07 17"	936	0.919285969718611	0.393590276656466	35820	0.0879120879120879	33365.3125	283752.083333333	22.5177628199213	34.962625	28.394	16.97	7.34	8.12	3
"SB071017TAWCSCB72D20BR1TR1I409"	"CB72"	1	37.41153	-76.07966	207988	125029	"ODU"	"e_15_1"	7	17	"07 17"	937	0.912374757970728	0.40935595881562	49200	0.0466926070038911	32524.1666666667	275795.833333333	39.0938217266383	37.050814	29.564	16.71	7.96	8.3	3
"SB071017TAWCSCB73D12BR1TR1I410"	"CB73"	1	37.11681	-76.12521	195310	115594	"ODU"	"e_15_1"	7	17	"07 17"	940	0.890027576434676	0.455906693508459	38700	0.0760233918128655	29979.2708333333	292847.916666667	28.9016118933828	36.7388115	27.39	20.83	7.17	8.18	3
"SB071017TAWCSCB73D12BR1TR1I419"	"CB73"	12	37.11681	-76.12521	110109	70111	"ODU"	"e_15_2"	7	17	"07 17"	940	0.890027576434676	0.455906693508459	38700	0.912280701754386	29979.2708333333	292847.916666667	91.4390166626777	39.4071095	20.059	29.58	6.7	7.95	2
"SB080717TAWCSCB22D11BR1TR1I423"	"CB22"	10	39.34873	-76.17579	401580	173353	"DNR"	"spr14"	8	17	"08 17"	964	0.63210341118735	0.77488404136704	37380	0.829493087557604	22241.7708333333	466083.333333333	27.8854661321932	38.4413645	25.8	2.83	5	7.3	1
"SB082817TAWCSCB22D11BR2TR1I458"	"CB22"	11	39.34873	-76.17579	202866	106088	"DNR"	"spr14"	8	17	"08 17"	985	0.317191288589105	0.948361580012172	37800	0.912442396313364	19938.0208333333	181655.208333333	49.5006568446947	43.218931	25.2	9.78	2.3	7.3	1
"SB080717TAWCSCB31D13BR1TR1I425"	"CB31"	13	39.2495	-76.2405	302510	188823	"DNR"	"e_15_2"	8	17	"08 17"	964	0.63210341118735	0.77488404136704	34200	0.933908045977012	22241.7708333333	466083.333333333	51.9251527537682	47.5255705	25.7	10.17	1	7.3	1
"SB082817TAWCSCB31D13BR1TR1I459"	"CB31"	11	39.2495	-76.2405	503108	316529	"DNR"	"e_15_2"	8	17	"08 17"	985	0.317191288589105	0.948361580012172	34140	0.790229885057471	19938.0208333333	181655.208333333	20.6367961478156	46.5656345	25.4	15	0.4	7.2	2
"SB082817TAWCSCB32D10BR1TR1I460"	"CB32"	11	39.16369	-76.30631	101995	63666	"DNR"	"e_15_2"	8	17	"08 17"	985	0.317191288589105	0.948361580012172	30180	0.888888888888889	19938.0208333333	181655.208333333	21.2878682818817	47.442412	25.6	17.59	0	7.2	2
"SB080717TAWCSCB32D10BR1TR1I426"	"CB32"	10	39.16369	-76.30631	247476	122717	"DNR"	"spr14"	8	17	"08 17"	964	0.63210341118735	0.77488404136704	30840	0.808080808080808	22241.7708333333	466083.333333333	64.4445793709684	46.466096	25.6	13.46	0.1	7.3	2
"SB082817TAWCSCB33CD5BR1TR1I456"	"CB33C"	0	38.99596	-76.35967	62338	38109	"DNR"	"e_15_2"	8	17	"08 17"	985	0.317191288589105	0.948361580012172	53520	0	19938.0208333333	181655.208333333	58.5612067944431	38.2882855	25.7	9.2	13.1	8.7	3
"SB081417TAWCSCB33CD2BR1TR1I589"	"CB33C"	2	38.99813	-76.35878	377292	205702	"Preheim"	"spr14"	8	17	"08 17"	968	0.577291616551727	0.816538051445916	33960	0.0789149198520345	25207.8125	349852.083333333	48.6921411590255	41.823025	25.89	8.39	7.83	8.26	3
"SB081417TAWCSCB33CD6BR1TR1I591"	"CB33C"	6	38.99813	-76.35878	384299	200905	"Preheim"	"spr14"	8	17	"08 17"	968	0.577291616551727	0.816538051445916	35340	0.236744759556104	25207.8125	349852.083333333	77.684154248404	44.513314	25.84	10.51	4.15	7.61	1
"SB081417TAWCSCB33CD8BR1TR1I592"	"CB33C"	8	38.99813	-76.35878	388797	203600	"Preheim"	"spr14"	8	17	"08 17"	968	0.577291616551727	0.816538051445916	35820	0.315659679408138	25207.8125	349852.083333333	85.0521701043609	51.975001	25.83	14.32	1.06	7.23	2
"SB081417TAWCSCB33CD10BR1TR1I593"	"CB33C"	10	38.99813	-76.35878	352175	183956	"Preheim"	"spr14"	8	17	"08 17"	968	0.577291616551727	0.816538051445916	36660	0.394574599260173	25207.8125	349852.083333333	26.8023795179629	52.9609945	25.8	16.8	0.23	7.2	2
"SB081417TAWCSCB33CD20BR1TR1I598"	"CB33C"	20	38.99813	-76.35878	285182	151385	"Preheim"	"spr14"	8	17	"08 17"	968	0.577291616551727	0.816538051445916	39660	0.789149198520345	25207.8125	349852.083333333	26.7040746213655	52.689638	25.83	21.03	0.13	7.32	2
"SB082817TAWCSCB33CD24BR1TR1I461"	"CB33C"	24	38.99596	-76.3596699999999	101611	66376	"DNR"	"e_15_2"	8	17	"08 17"	985	0.317191288589105	0.948361580012172	53520	0.946979038224414	19938.0208333333	181655.208333333	11.3664609364327	44.5940205	25.6	18.48	0.5	7.4	2
"SB080717TAWCSCB33CD24BR1TR1I427"	"CB33C"	24	38.99596	-76.35967	247120	137188	"DNR"	"spr14"	8	17	"08 17"	963	0.645348113229551	0.763888612790542	56100	0.946979038224414	21497.6041666667	524660.416666667	48.0499451293844	50.7487855	25.6	17.93	0.49	7.4	2
"SB080717TAWCSCB42CD26BR1TR1I429"	"CB42C"	26	38.64618	-76.42127	766307	482370	"DNR"	"e_15_2"	8	17	"08 17"	963	0.645348113229551	0.763888612790542	42900	0.943310657596372	21497.6041666667	524660.416666667	55.6871444093915	43.8759765	25.7	20.78	0.77	7.4	2
"SB082817TAWCSCB42CD26BR1TR1I463"	"CB42C"	26	38.64618	-76.42127	885334	537183	"DNR"	"e_15_2"	8	17	"08 17"	985	0.317191288589105	0.948361580012172	40920	0.943310657596372	19938.0208333333	181655.208333333	44.844357426869	49.222087	25.7	19.45	0.6	7.4	2
"SB080717TAWCSCB43CD27BR1TR1I430"	"CB43C"	26	38.55505	-76.42794	130222	81004	"DNR"	"e_15_2"	8	17	"08 17"	963	0.645348113229551	0.763888612790542	36780	0.943894389438944	21497.6041666667	524660.416666667	39.937039681794	47.692163	25.4	21.9	1.4	7.5	2
"SB082817TAWCSCB43CD27BR1TR1I464"	"CB43C"	27	38.55505	-76.42794	230851	146243	"DNR"	"e_15_2"	8	17	"08 17"	985	0.317191288589105	0.948361580012172	35400	0.98019801980198	19938.0208333333	181655.208333333	38.6707891532893	48.6437775	25.8	19.52	0.6	7.4	2
"SB080717TAWCSCB44D5BR1TR1I421"	"CB44"	0	38.41457	-76.34565	399861	243882	"DNR"	"e_15_2"	8	17	"08 17"	962	0.658401584698049	0.752666827532008	53340	0	21345.1041666667	573252.083333333	34.2187777349422	39.57113	25.9	12	7.6	8.1	3
"SB082817TAWCSCB44D5BR1TR1I455"	"CB44"	0	38.41457	-76.34565	114092	65659	"DNR"	"e_15_2"	8	17	"08 17"	984	0.333468778918188	0.94276114339042	59820	0	20495.9375	187316.666666667	56.4562294552811	48.938328	25.6	12	8.4	8.2	3
"SB080717TAWCSCB44D31BR1TR1I431"	"CB44"	31	38.41457	-76.34565	129617	81015	"DNR"	"e_15_2"	8	17	"08 17"	962	0.658401584698049	0.752666827532008	53340	0.964730290456432	21345.1041666667	573252.083333333	74.7200887597531	52.9039525	25.1	22.81	2	7.6	2
"SB082817TAWCSCB44D31BR1TR1I465"	"CB44"	31	38.41457	-76.34565	82487	51167	"DNR"	"e_15_2"	8	17	"08 17"	984	0.333468778918188	0.94276114339042	59820	0.964730290456432	20495.9375	187316.666666667	60.3655901664485	49.900727	26.3	19.94	1.8	7.5	2
"SB080717TAWCSCB51D33BR1TR1I432"	"CB51"	33	38.3187	-76.29215	385721	242724	"DNR"	"e_15_2"	8	17	"08 17"	962	0.658401584698049	0.752666827532008	50100	0.958064516129032	21345.1041666667	573252.083333333	52.1826872068577	49.6046475	25.1	22.81	2.4	7.6	2
"SB082817TAWCSCB51D33BR1TR1I466"	"CB51"	33	38.3187	-76.29215	176343	97883	"DNR"	"spr14"	8	17	"08 17"	984	0.333468778918188	0.94276114339042	57120	0.958064516129032	20495.9375	187316.666666667	34.2411365757605	46.01365	26.3	20.43	4.6	7.8	2
"SB080717TAWCSCB53D5BR1TR1I420"	"CB53"	0	37.91011	-76.17137	68998	40712	"DNR"	"e_15_2"	8	17	"08 17"	962	0.658401584698049	0.752666827532008	39780	0	21345.1041666667	573252.083333333	44.3287597615136	39.668066	26.1	13.93	7.1	8.1	3
"SB082817TAWCSCB53D5BR1TR1I454"	"CB53"	0	37.91011	-76.17137	78724	48378	"DNR"	"e_15_2"	8	17	"08 17"	984	0.333468778918188	0.94276114339042	48120	0	20495.9375	187316.666666667	69.4414586551692	45.5634585	25	15.07	7.4	8	2
"SB082817TAWCSCB53D25BR1TR1I468"	"CB53"	25	37.91011	-76.17137	104409	66197	"DNR"	"e_15_2"	8	17	"08 17"	984	0.333468778918188	0.94276114339042	48120	0.939597315436242	20495.9375	187316.666666667	71.5801704920506	47.072827	25.7	20.01	5.5	7.9	2
"SB082817TAWCSCB54D25BR1TR1I470"	"CB54"	1	37.80013	-76.17466	116186	71343	"ODU"	"e_15_2"	8	17	"08 17"	990	0.234491389570408	0.972118196629062	49980	0.0311890838206628	18661.8541666667	158044.583333333	27.8347009619571	42.0935185	24.364	16.12	8.31	8.05	3
"SB080717TAWCSCB54D25BR2TR1I437"	"CB54"	1	37.80013	-76.17466	27513	10476	"ODU"	"spr14"	8	17	"08 17"	963	0.645348113229551	0.763888612790542	51600	0.0311890838206628	21497.6041666667	524660.416666667	46.5493804158497	38.2472515	26.961	15.04	8.21	8.14	3
"SB080717TAWCSCB54D25BR2TR1I446"	"CB54"	25	37.80013	-76.17466	177172	109095	"ODU"	"e_15_2"	8	17	"08 17"	963	0.645348113229551	0.763888612790542	51600	0.779727095516569	21497.6041666667	524660.416666667	63.3413670604957	47.0723725	25.089	22.76	2.13	7.48	2
"SB082817TAWCSCB54D25BR2TR1I480"	"CB54"	25	37.80013	-76.17466	118725	74556	"ODU"	"e_15_2"	8	17	"08 17"	990	0.234491389570408	0.972118196629062	49980	0.779727095516569	18661.8541666667	158044.583333333	79.6955979393419	47.787232	24.193	24.94	4.45	7.7	2
"SB080717TAWCSCB71D20BR1TR1I442"	"CB71"	1	37.68346	-75.98966	139638	88133	"ODU"	"e_15_2"	8	17	"08 17"	963	0.645348113229551	0.763888612790542	40680	0.0555555555555556	21497.6041666667	524660.416666667	38.9656409944441	39.432788	25.778	18.47	7.3	8.09	3
"SB080717TAWCSCB71D20BR1TR1I451"	"CB71"	16	37.68346	-75.98966	158432	87592	"ODU"	"spr14"	8	17	"08 17"	963	0.645348113229551	0.763888612790542	40680	0.888888888888889	21497.6041666667	524660.416666667	61.7835423109577	47.7308485	25.309	22	3.28	7.65	2
"SB080717TAWCSCB61D11BR1TR1I447"	"CB61"	12	37.58847	-76.16216	80643	48655	"ODU"	"e_15_2"	8	17	"08 17"	964	0.63210341118735	0.77488404136704	28260	0.991735537190083	22241.7708333333	466083.333333333	44.8511171786391	45.584228	25.225	21.85	3.25	7.69	2
"SB080717TAWCSCB62D9BR1TR1I439"	"CB62"	1	37.4868	-76.15633	815178	497131	"ODU"	"e_15_2"	8	17	"08 17"	964	0.63210341118735	0.77488404136704	36600	0.0975609756097561	22241.7708333333	466083.333333333	35.686141378429	41.421879	25.9	17.43	7.26	8.13	3
"SB082817TAWCSCB62D9BR1TR1I473"	"CB62"	1	37.4868	-76.15633	845829	528502	"ODU"	"e_15_2"	8	17	"08 17"	990	0.234491389570408	0.972118196629062	36180	0.0975609756097561	18661.8541666667	158044.583333333	53.7177828712476	49.296759	24.033	17.11	7.88	8.03	3
"SB082817TAWCSCB62D9BR1TR1I482"	"CB62"	10	37.4868	-76.15633	319711	199708	"ODU"	"e_15_2"	8	17	"08 17"	990	0.234491389570408	0.972118196629062	36180	0.975609756097561	18661.8541666667	158044.583333333	94.0103238165864	49.792657	23.953	24.56	4.88	7.73	2
"SB080717TAWCSCB62D9BR1TR1I448"	"CB62"	9	37.4868	-76.1563299999999	127777	65401	"ODU"	"spr14"	8	17	"08 17"	964	0.63210341118735	0.77488404136704	36600	0.878048780487805	22241.7708333333	466083.333333333	50.6242976742436	44.5681315	25.534	20.15	4.3	7.8	2
"SB080717TAWCSCB63D10BR1TR1I440"	"CB63"	1	37.41153	-76.15966	65181	39813	"ODU"	"e_15_2"	8	17	"08 17"	963	0.645348113229551	0.763888612790542	33060	0.0879120879120879	21497.6041666667	524660.416666667	39.9427275675876	47.4740175	25.51	18.38	6.79	8.09	3
"SB082817TAWCSCB63D10BR1TR1I474"	"CB63"	1	37.41153	-76.15966	102359	63715	"ODU"	"e_15_2"	8	17	"08 17"	990	0.234491389570408	0.972118196629062	33960	0.0879120879120879	18661.8541666667	158044.583333333	60.0472156021686	43.903511	23.925	17.99	7.7	7.95	3
"SB080717TAWCSCB72D20BR1TR1I443"	"CB72"	1	37.41153	-76.07966	108227	55510	"ODU"	"spr14"	8	17	"08 17"	964	0.63210341118735	0.77488404136704	41220	0.0466926070038911	22241.7708333333	466083.333333333	52.2860208858233	41.95799	25.599	18.92	7.77	8.17	3
"SB080717TAWCSCB63D10BR1TR1I449"	"CB63"	10	37.41153	-76.15966	108552	66443	"ODU"	"e_15_2"	8	17	"08 17"	963	0.645348113229551	0.763888612790542	33060	0.879120879120879	21497.6041666667	524660.416666667	57.2005826508197	45.710984	25.103	22.53	4.49	7.8	2
"SB082817TAWCSCB63D10BR1TR1I483"	"CB63"	9	37.41153	-76.15966	221328	137613	"ODU"	"e_15_2"	8	17	"08 17"	990	0.234491389570408	0.972118196629062	33960	0.791208791208791	18661.8541666667	158044.583333333	77.7391629456418	46.963408	23.896	25.1	4.98	7.73	2
"SB080717TAWCSCB72D20BR1TR1I452"	"CB72"	21	37.41153	-76.07966	122840	76517	"ODU"	"e_15_2"	8	17	"08 17"	964	0.63210341118735	0.77488404136704	41220	0.980544747081712	22241.7708333333	466083.333333333	73.025442079213	46.282139	24.889	24.27	4.59	7.78	2
"SB080717TAWCSCB73D12BR1TR1I444"	"CB73"	1	37.11681	-76.1252100000001	426988	262334	"ODU"	"e_15_2"	8	17	"08 17"	964	0.63210341118735	0.77488404136704	51360	0.0760233918128655	22241.7708333333	466083.333333333	38.0276031410937	42.2116375	25.968	21.66	7.62	8.07	3
"SB082817TAWCSCB73D12BR1TR1I478"	"CB73"	1	37.11681	-76.12521	99770	62762	"ODU"	"e_15_2"	8	17	"08 17"	985	0.317191288589105	0.948361580012172	40500	0.0760233918128655	19938.0208333333	181655.208333333	51.677348443937	44.088883	24.839	22.66	8	8.09	3
"SB080717TAWCSCB73D12BR1TR1I453"	"CB73"	12	37.11681	-76.12521	186237	101147	"ODU"	"spr14"	8	17	"08 17"	964	0.63210341118735	0.77488404136704	51360	0.912280701754386	22241.7708333333	466083.333333333	78.6364921661253	39.5450715	23.38	27.92	6.36	7.87	2
"SB091817TAWCSCB33CD5BR1TR1I490"	"CB33C"	0	38.99596	-76.35967	614054	381819	"DNR"	"e_15_2"	9	17	"09 17"	1011	-0.124479263886787	0.992222209417932	54660	0	13301.125	82687.7083333333	29.1316841339113	36.9726805	24.9	13.33	9.1	8.3	3
"SB091817TAWCSCB33CD24BR1TR1I495"	"CB33C"	24	38.99596	-76.35967	92163	57500	"DNR"	"e_15_2"	9	17	"09 17"	1011	-0.124479263886787	0.992222209417932	54660	0.946979038224414	13301.125	82687.7083333333	75.7698486748548	49.8882235	23.6	19.17	1.3	7.3	2
"SB091817TAWCSCB42CD26BR1TR1I497"	"CB42C"	26	38.64618	-76.42127	1089369	673213	"DNR"	"e_15_2"	9	17	"09 17"	1011	-0.124479263886787	0.992222209417932	41400	0.943310657596372	13301.125	82687.7083333333	71.2720042654706	51.111422	23.4	21.2	3.9	7.6	2
"SB091817TAWCSCB43CD27BR1TR1I498"	"CB43C"	27	38.55505	-76.42794	205212	126186	"DNR"	"e_15_2"	9	17	"09 17"	1011	-0.124479263886787	0.992222209417932	35520	0.98019801980198	13301.125	82687.7083333333	59.4773564160668	49.360689	23.5	21.76	4.3	7.7	2
"SB091817TAWCSCB44D5BR1TR1I489"	"CB44"	0	38.41457	-76.34565	261547	121166	"DNR"	"spr14"	9	17	"09 17"	1010	-0.107381346664162	0.994217906893952	49980	0	13914.8333333333	85835.4166666667	46.8325958531439	38.0582815	25	14.46	9.1	8.3	3
"SB091817TAWCSCB44D31BR1TR1I499"	"CB44"	31	38.41457	-76.34565	169009	107526	"DNR"	"e_15_2"	9	17	"09 17"	1010	-0.107381346664162	0.994217906893952	49980	0.964730290456432	13914.8333333333	85835.4166666667	89.9089985075388	50.1376355	23.5	22.46	4.8	7.8	2
"SB091817TAWCSCB51D33BR1TR1I500"	"CB51"	33	38.3187	-76.29215	146265	92072	"DNR"	"e_15_2"	9	17	"09 17"	1010	-0.107381346664162	0.994217906893952	46980	0.958064516129032	13914.8333333333	85835.4166666667	85.5530740663137	49.875735	23.5	22.88	4.9	7.8	2
"SB091817TAWCSCB53D5BR1TR1I488"	"CB53"	0	37.91011	-76.17137	795212	489219	"DNR"	"e_15_2"	9	17	"09 17"	1010	-0.107381346664162	0.994217906893952	38040	0	13914.8333333333	85835.4166666667	68.3023106278525	45.44842	24.9	14.06	8.5	8.2	3
"SB091817TAWCSCB53D25BR2TR1I503"	"CB53"	25	37.91011	-76.17137	128987	80911	"DNR"	"e_15_2"	9	17	"09 17"	1010	-0.107381346664162	0.994217906893952	38040	0.939597315436242	13914.8333333333	85835.4166666667	84.2415125549199	49.326497	23.6	24.3	5.1	7.8	2
"SB091817TAWCSCB54D25BR2TR1I505"	"CB54"	1	37.80013	-76.17466	36611	10179	"ODU"	"spr14"	9	17	"09 17"	1006	-0.0387222808921753	0.999250011239683	55320	0.0311890838206628	18420.1041666667	97762.5	49.7418200231848	37.772496	24.661	14.99	8.55	8.13	3
"SB091817TAWCSCB71D20BR1TR1I510"	"CB71"	1	37.68346	-75.98966	67142	41343	"ODU"	"e_15_2"	9	17	"09 17"	1006	-0.0387222808921753	0.999250011239683	40980	0.0555555555555556	18420.1041666667	97762.5	69.4296786355559	42.9529095	24.032	19.44	8.08	7.98	3
"SB091817TAWCSCB71D20BR1TR1I520"	"CB71"	18	37.68346	-75.98966	184253	114181	"ODU"	"e_15_2"	9	17	"09 17"	1006	-0.0387222808921753	0.999250011239683	40980	1	18420.1041666667	97762.5	103.054183776841	49.5004305	23.392	23.69	6.05	7.88	2
"SB091817TAWCSCB62D9BR1TR1I507"	"CB62"	1	37.4868	-76.15633	89600	54247	"ODU"	"e_15_2"	9	17	"09 17"	1007	-0.0559169901006034	0.998435421155564	36000	0.0975609756097561	17721.5625	95527.9166666667	68.2722798397185	43.964342	24.194	16.74	7.64	8.09	3
"SB091817TAWCSCB62D9BR1TR1I517"	"CB62"	10	37.4868	-76.15633	247122	142046	"ODU"	"spr14"	9	17	"09 17"	1007	-0.0559169901006034	0.998435421155564	36000	0.975609756097561	17721.5625	95527.9166666667	73.9858638388535	50.8241575	23.614	24.36	5.47	7.87	2
"SB091817TAWCSCB72D20BR1TR1I511"	"CB72"	1	37.41153	-76.07966	119169	75152	"ODU"	"e_15_2"	9	17	"09 17"	1006	-0.0387222808921753	0.999250011239683	32820	0.0466926070038911	18420.1041666667	97762.5	70.4800218654052	45.8176115	23.67	19.39	7.75	8.1	3
"SB091817TAWCSCB63D10BR1TR1I508"	"CB63"	1	37.41153	-76.15966	315477	169847	"ODU"	"spr14"	9	17	"09 17"	1006	-0.0387222808921753	0.999250011239683	30540	0.0879120879120879	18420.1041666667	97762.5	68.2800421891087	46.101933	23.865	16.51	7.97	8.19	3
"SB091817TAWCSCB63D10BR1TR1I518"	"CB63"	10	37.41153	-76.15966	90694	56800	"ODU"	"e_15_2"	9	17	"09 17"	1006	-0.0387222808921753	0.999250011239683	30540	0.879120879120879	18420.1041666667	97762.5	100.540337283877	49.7804435	23.616	24.27	6	7.97	2
"SB091817TAWCSCB72D20BR1TR1I521"	"CB72"	20	37.41153	-76.07966	79509	47539	"ODU"	"e_15_2"	9	17	"09 17"	1006	-0.0387222808921753	0.999250011239683	32820	0.933852140077821	18420.1041666667	97762.5	91.6091211708478	42.9494245	23.519	29.3	6.06	7.94	2
"SB091817TAWCSCB73D12BR1TR1I522"	"CB73"	13	37.11681	-76.12521	251527	136818	"ODU"	"spr14"	9	17	"09 17"	1007	-0.0559169901006034	0.998435421155564	44160	0.988304093567251	17721.5625	95527.9166666667	80.5300849915286	46.8288055	23.803	27.34	6.27	7.96	2
