Sample	Month	Year	DateMMDDYY	CollectionAgency	StationName	Latitude	Depth	Depth_Percentage	WTEMP	DO	CHLA	SALINITY	NO2F	NH4F	PC	PHEO	NO3F	Discharge_Susquehanna_14	day_length
SB072215TAWCSCB33CD0BR1TR1I27	7	15	072215	Preheim	CB33C	38.996615999999996	0.27899999999999997	0.0	26.84	8.1		4.86						643638.6111111111	0.8565509959010037
SB072215TAWCSCB33CD2BR1TR1I29	7	15	072215	Preheim	CB33C	38.996601	2.127	0.07891491985203453	27.076	7.18		5.96						643638.6111111111	0.8565509959010037
SB072215TAWCSCB33CD3BR1TR1I30	7	15	072215	Preheim	CB33C	38.996552	3.073	0.1183723797780518	27.057	6.47		6.72						643638.6111111111	0.8565509959010037
SB072215TAWCSCB33CD4BR1TR1I31	7	15	072215	Preheim	CB33C	38.996449	3.9589999999999996	0.15782983970406905	26.881999999999998	6.86		6.67						643638.6111111111	0.8565509959010037
SB072215TAWCSCB33CD6BR1TR1I33	7	15	072215	Preheim	CB33C	38.996384	6.069	0.2367447595561036	25.884	3.15		10.1						643638.6111111111	0.8565509959010037
SB072215TAWCSCB33CD7BR1TR1I34	7	15	072215	Preheim	CB33C	38.996384	7.031000000000001	0.2762022194821208	25.344	1.4		11.72						643638.6111111111	0.8565509959010037
SB072215TAWCSCB33CD9BR1TR1I36	7	15	072215	Preheim	CB33C	38.996319	9.023	0.3551171393341553	24.66	0.14		13.71						643638.6111111111	0.8565509959010037
SB072215TAWCSCB33CD10BR1TR1I37	7	15	072215	Preheim	CB33C	38.996334000000004	9.91	0.39457459926017263	24.418000000000003	-0.02		14.48						643638.6111111111	0.8565509959010037
SB072215TAWCSCB33CD11BR1TR1I39	7	15	072215	Preheim	CB33C	38.996349	10.948	0.43403205918618987	24.255	-0.03		16.03						643638.6111111111	0.8565509959010037
SB072215TAWCSCB33CD12BR1TR1I40	7	15	072215	Preheim	CB33C	38.996334000000004	12.037	0.4734895191122072	24.024	-0.03		16.35						643638.6111111111	0.8565509959010037
SB072215TAWCSCB33CD13BR1TR1I41	7	15	072215	Preheim	CB33C	38.996319	13.321	0.5129469790382244	24.096	-0.03		16.71						643638.6111111111	0.8565509959010037
SB072215TAWCSCB33CD18BR1TR1I44	7	15	072215	Preheim	CB33C	38.9963	18.319000000000003	0.7102342786683107	23.79	-0.03		18.1						643638.6111111111	0.8565509959010037
SB072215TAWCSCB33CD20BR1TR1I45	7	15	072215	Preheim	CB33C	38.996449	20.1545	0.7891491985203453	23.739	-0.03		18.4						643638.6111111111	0.8565509959010037
SB082015TAWCSCB33CD1BR1TR1I52	8	15	082015	Preheim	CB33C	39.000233	0.963	0.03945745992601726	26.943	6.11		11.68						133004.37500000006	0.5049610547215202
SB082015TAWCSCB33CD3BR1TR1I54	8	15	082015	Preheim	CB33C	39.000233	3.075	0.1183723797780518	26.968000000000004	6.14		11.72						133004.37500000006	0.5049610547215202
SB082015TAWCSCB33CD4BR1TR1I55	8	15	082015	Preheim	CB33C	39.000233	4.113	0.15782983970406905	26.971999999999998	6.08		11.74						133004.37500000006	0.5049610547215202
SB082015TAWCSCB33CD7BR1TR1I58	8	15	082015	Preheim	CB33C	39.000233	7.2170000000000005	0.2762022194821208	26.929000000000002	5.61		12.04						133004.37500000006	0.5049610547215202
SB082015TAWCSCB33CD8BR1TR1I59	8	15	082015	Preheim	CB33C	39.000233	8.344	0.3156596794081381	26.901	5.32		12.05						133004.37500000006	0.5049610547215202
SB082015TAWCSCB33CD9BR1TR1I60	8	15	082015	Preheim	CB33C	39.000233	9.321	0.3551171393341553	26.877	5.12		12.07						133004.37500000006	0.5049610547215202
SB082015TAWCSCB33CD10BR1TR1I61	8	15	082015	Preheim	CB33C	39.000233	10.142999999999999	0.39457459926017263	26.737	3.62		12.16						133004.37500000006	0.5049610547215202
SB082015TAWCSCB33CD11BR1TR1I63	8	15	082015	Preheim	CB33C	39.000233	11.328	0.43403205918618987	26.625	3.02		12.84						133004.37500000006	0.5049610547215202
SB082015TAWCSCB33CD12BR1TR1I64	8	15	082015	Preheim	CB33C	39.000233	12.3	0.4734895191122072	26.642	1.58		14.28						133004.37500000006	0.5049610547215202
SB082015TAWCSCB33CD13BR1TR1I65	8	15	082015	Preheim	CB33C	39.000233	13.272	0.5129469790382244	26.43	0.99		15.18						133004.37500000006	0.5049610547215202
SB082015TAWCSCB33CD14BR1TR1I66	8	15	082015	Preheim	CB33C	39.000233	14.466	0.5524044389642416	26.351	0.03		17.26						133004.37500000006	0.5049610547215202
SB082015TAWCSCB33CD15BR1TR1I67	8	15	082015	Preheim	CB33C	39.000233	15.392000000000001	0.5918618988902591	26.303	0.01		18.11						133004.37500000006	0.5049610547215202
SB082015TAWCSCB33CD16BR1TR1I68	8	15	082015	Preheim	CB33C	39.000233	16.369	0.6313193588162762	26.309	0.01		18.14						133004.37500000006	0.5049610547215202
SB082015TAWCSCB33CD17BR1TR1I69	8	15	082015	Preheim	CB33C	39.000233	17.151	0.6707768187422934	26.331	0.0		19.19						133004.37500000006	0.5049610547215202
SB082015TAWCSCB33CD18BR1TR1I70	8	15	082015	Preheim	CB33C	39.000233	18.048	0.7102342786683107	26.34	0.0		19.67						133004.37500000006	0.5049610547215202
SB082015TAWCSCB33CD19BR1TR1I71	8	15	082015	Preheim	CB33C	39.000233	18.955	0.749691738594328	26.351	0.0		19.84						133004.37500000006	0.5049610547215202
SB082015TAWCSCB33CD20BR1TR1I74	8	15	082015	Preheim	CB33C	39.000233	19.884	0.7891491985203453	26.351	0.0		19.89						133004.37500000006	0.5049610547215202
SB062716TAWCSCB33CD1BR2TR1I80	6	16	062716	Preheim	CB33C	38.99738333333333	1.235	0.03945745992601726	24.291999999999998	8.55		11.1						147550.83333333337	0.99167731989929
SB062716TAWCSCB33CD2BR1TR1I81	6	16	062716	Preheim	CB33C	38.99738333333333	2.365	0.07891491985203453	24.06	6.98		11.55						147550.83333333337	0.99167731989929
SB062716TAWCSCB33CD4BR1TR1I82	6	16	062716	Preheim	CB33C	38.99738333333333	4.399	0.15782983970406905	23.778000000000002	6.27		11.76						147550.83333333337	0.99167731989929
SB062716TAWCSCB33CD6BR1TR1I83	6	16	062716	Preheim	CB33C	38.99738333333333	6.37	0.2367447595561036	23.386999999999997	4.55		12.59						147550.83333333337	0.99167731989929
SB062716TAWCSCB33CD8BR1TR1I84	6	16	062716	Preheim	CB33C	38.99738333333333	8.32	0.3156596794081381	22.5	3.25		13.64						147550.83333333337	0.99167731989929
SB062716TAWCSCB33CD10BR1TR1I85	6	16	062716	Preheim	CB33C	38.99738333333333	9.94	0.39457459926017263	20.724	1.08		15.57						147550.83333333337	0.99167731989929
SB062716TAWCSCB33CD12BR2TR1I87	6	16	062716	Preheim	CB33C	38.99738333333333	12.12	0.4734895191122072	20.364	0.74		16.04						147550.83333333337	0.99167731989929
SB062716TAWCSCB33CD14BR1TR1I88	6	16	062716	Preheim	CB33C	38.99738333333333	14.35	0.5524044389642416	20.37	0.75		16.07						147550.83333333337	0.99167731989929
SB062716TAWCSCB33CD16BR1TR1I89	6	16	062716	Preheim	CB33C	38.99738333333333	16.387999999999998	0.6313193588162762	20.209	0.61		16.17						147550.83333333337	0.99167731989929
SB062716TAWCSCB33CD18BR1TR1I90	6	16	062716	Preheim	CB33C	38.99738333333333	17.99	0.7102342786683107	20.139	0.57		16.23						147550.83333333337	0.99167731989929
SB062716TAWCSCB33CD21BR1TR1I92	6	16	062716	Preheim	CB33C	38.99738333333333	20.688000000000002	0.8286066584463625	19.965999999999998	0.43		16.49						147550.83333333337	0.99167731989929
SB071116TAWCSCB22D11BR2TR2I616	7	16	071116	DNR	CB22	39.348730000000025	11.0	0.912442396313364	26.8	5.3	6.622000000000001	6.43	0.004	0.028	0.866	3.695	0.146	93274.58333333331	0.9192859697186108
SB072516TAWCSCB33CD0BR1TR2I620	7	16	072516	Preheim	CB33C	38.99791873385773	0.209	0.0	28.441	7.16		12.26						77681.45833333331	0.8190148866680798
SB072516TAWCSCB33CD0BR2TR1I96	7	16	072516	Preheim	CB33C	38.99791873385773	2.26	0.07891491985203453	28.22	7.11		13.2						77681.45833333331	0.8190148866680798
SB072516TAWCSCB33CD4BR1TR1I102	7	16	072516	Preheim	CB33C	38.99791873385773	3.97	0.15782983970406905	27.858	6.16		13.5						77681.45833333331	0.8190148866680798
SB072516TAWCSCB33CD6BR1TR1I104	7	16	072516	Preheim	CB33C	38.99791873385773	6.023	0.2367447595561036	27.941999999999997	5.08		14.07						77681.45833333331	0.8190148866680798
SB072516TAWCSCB33CD8BR1TR1I107	7	16	072516	Preheim	CB33C	38.99791873385773	8.09	0.3156596794081381	26.26	1.29		15.63						77681.45833333331	0.8190148866680798
SB071116TAWCSCB33CD24BR1TR2I611	7	16	071116	DNR	CB33C	38.995959999999975	24.0	0.9469790382244144	22.6	0.36	0.961	18.21	0.0014	0.23	0.257	0.235	0.002433333333333333	95166.875	0.92592477719385
SB071116TAWCSCB43CD26BR1TR1I151	7	16	071116	DNR	CB43C	38.55505000000002	26.0	0.9801980198019802	23.2	0.74	0.748	19.94	0.0069	0.138	0.244	0.374	0.0099	95166.875	0.92592477719385
SB071116TAWCSCB44D30BR1TR1I152	7	16	071116	DNR	CB44	38.41457000000001	30.0	0.9647302904564315	22.9	0.6		20.36						96602.29166666669	0.932289213174514
SB071116TAWCSCB51D33BR1TR1I153	7	16	071116	DNR	CB51	38.318700000000014	33.0	0.9580645161290324	22.8	0.5	0.534	20.85	0.0094	0.24	0.235	0.214	0.0094	96602.29166666669	0.932289213174514
SB071116TAWCSCB52D29BR1TR2I619	7	16	071116	DNR	CB52	38.137050000000016	29.0	0.9430894308943092	24.4	3.2	1.709	20.22	0.0088	0.105	0.373	1.132	0.0069	96602.29166666669	0.932289213174514
SB071116TAWCSCB53D25BR2TR2I615	7	16	071116	DNR	CB53	37.91011000000001	25.0	0.9395973154362416	24.8	4.1	1.335	21.97	0.0045	0.092	0.633	2.496	0.0134	96602.29166666669	0.932289213174514
SB071116TAWCSCB54D25BR1TR1I157	7	16	071116	ODU	CB54	37.800129999999996	25.0	0.7797270955165692	24.972	3.25		22.92						95166.875	0.92592477719385
SB071116TAWCSCB71D20BR1TR1I167	7	16	071116	ODU	CB71	37.683459999999975	20.0	0.8888888888888888	25.639	3.78	2.5365	23.03	0.004	0.105	0.368	1.368	0.008	95166.875	0.92592477719385
SB071116TAWCSCB62D9BR1TR1I161	7	16	071116	ODU	CB62	37.48680000000001	9.0	0.8780487804878049	25.135	3.25	3.204	23.02	0.0029	0.0675	0.5838300000000001	1.368	0.0052	96602.29166666669	0.932289213174514
SB071116TAWCSCB63D10BR1TR1I163	7	16	071116	ODU	CB63	37.41152999999998	10.0	0.967032967032967	25.355	4.06	2.2695	24.02	0.0033	0.0898	0.51452	1.368	0.0031	96602.29166666669	0.932289213174514
SB071116TAWCSCB72D20BR1TR1I169	7	16	071116	ODU	CB72	37.41152999999998	20.0	0.9338521400778208	24.913	5.06	1.602	26.21	0.0017	0.0684	0.54374	1.7622	0.0015	96602.29166666669	0.932289213174514
SB071116TAWCSCB64D10BR1TR1I165	7	16	071116	ODU	CB64	37.23653000000001	10.0	0.8571428571428571	24.71	3.79	2.5365	25.26	0.0026	0.0556	0.39349	1.368	0.0043	93274.58333333331	0.9192859697186108
SB071116TAWCSCB74D13BR2TR1I173	7	16	071116	ODU	CB74	36.995699999999964	13.0	0.9333333333333332	19.572	6.45	1.368	31.45	0.0008	0.0071	0.24004	1.368	-0.00035	96602.29166666669	0.932289213174514
SB081216TAWCSCB22D11BR1TR2I617	8	16	081216	DNR	CB22	39.348730000000025	11.0	0.912442396313364	28.0	5.3	4.913	5.45	0.0255	0.058	0.994	3.46	0.0795	106474.79166666666	0.6321034111873484
SB083116TAWCSCB22D11BR2TR2I622	8	16	083116	DNR	CB22	39.348730000000025	11.0	0.912442396313364	27.8	4.2	2.563	8.38	0.1895	0.013	1.08	2.221	0.0715	130080.0	0.31719128858910617
SB081216TAWCSCB31D13BR1TR1I177	8	16	081216	DNR	CB31	39.24950000000001	13.0	0.9339080459770116	27.3	2.1	3.845	11.41	0.107	0.085	0.855	2.286	0.029	106474.79166666666	0.6321034111873484
SB082916TAWCSCB31D13BR1TR2I212	8	16	082916	DNR	CB31	39.24950000000001	13.0	0.9339080459770116	27.5	3.1	3.845	12.99	0.1573	0.009000000000000001	0.981	3.631	0.0187	130080.0	0.31719128858910617
SB081216TAWCSCB32D10BR1TR2I621	8	16	081216	DNR	CB32	39.16368999999997	10.0	0.8080808080808081	27.0	1.2	3.204	12.93	0.1396	0.08	0.7979999999999999	1.431	0.0154	106474.79166666666	0.6321034111873484
SB081216TAWCSCB33CD0BR1TR1I126	8	16	081216	Preheim	CB33C	38.99791873385773	0.36	0.0	28.820999999999998	9.25		14.6						109029.375	0.6050560696488496
SB081216TAWCSCB33CD2BR1TR1I127	8	16	081216	Preheim	CB33C	38.99791873385773	2.029	0.07891491985203453	28.233	7.47		14.7						109029.375	0.6050560696488496
SB081216TAWCSCB33CD10BR1TR1I131	8	16	081216	Preheim	CB33C	38.99791873385773	10.217	0.39457459926017263	28.090999999999998	6.42		14.91						109029.375	0.6050560696488496
SB081216TAWCSCB33CD13BR1TR1I134	8	16	081216	Preheim	CB33C	38.99791873385773	12.874	0.5129469790382244	27.549	4.07		16.45						109029.375	0.6050560696488496
SB081216TAWCSCB33CD15BR1TR1I136	8	16	081216	Preheim	CB33C	38.99791873385773	14.853	0.5918618988902591	26.083000000000002	0.1		19.66						109029.375	0.6050560696488496
SB081216TAWCSCB33CD16BR2TR1I138	8	16	081216	Preheim	CB33C	38.99791873385773	16.0785	0.6313193588162762	26.043000000000003	0.11		19.855						109029.375	0.6050560696488496
SB081216TAWCSCB33CD18BR1TR1I140	8	16	081216	Preheim	CB33C	38.99791873385773	17.688	0.7102342786683107	26.011999999999997	0.11		20.05						109029.375	0.6050560696488496
SB081216TAWCSCB33CD24BR1TR2I623	8	16	081216	DNR	CB33C	38.995959999999975	24.0	0.9469790382244144	25.6	0.29	1.709	19.24	0.0007	0.2375	0.5565	3.0755	0.008525	103536.25	0.6453481132295509
SB081216TAWCSCB41CD31BR1TR2I618	8	16	081216	DNR	CB41C	38.82592999999998	31.0	0.96875	26.0	0.3	1.068	20.22	0.0007	0.244	0.339	1.1	0.0015	103536.25	0.6453481132295509
SB083016TAWCSCB41CD31BR1TR1I216	8	16	083016	DNR	CB41C	38.82592999999998	31.0	0.96875	27.1	0.36	0.831	20.99	0.0007	0.139	0.353	1.495	0.0008500000000000001	132691.45833333337	0.3334687789181865
SB081216TAWCSCB42CD26BR2TR1I612	8	16	081216	DNR	CB42C	38.64618	26.0	0.943310657596372	26.2	0.3	0.748	20.78	0.0007	0.232	0.308	0.748	0.0054	103536.25	0.6453481132295509
SB082916TAWCSCB43CD26BR1TR2I220	8	16	082916	DNR	CB43C	38.55505000000002	26.0	0.943894389438944	27.1	0.36	0.61	21.9	0.0007	0.056	0.262	0.35100000000000003	0.0006000000000000001	132691.45833333337	0.3334687789181865
SB081216TAWCSCB43CD26BR1TR1I184	8	16	081216	DNR	CB43C	38.555050000000016	26.0	0.943894389438944	26.5	0.3	0.8540000000000001	20.85	0.0004	0.2225	0.317	0.5660000000000001	0.0064	103536.25	0.6453481132295509
SB082916TAWCSCB44D30BR1TR1I222	8	16	082916	DNR	CB44	38.414570000000026	30.0	0.9647302904564315	27.1	0.3	0.534	22.67	0.0042	0.055	0.454	1.335	0.0026	133699.8625886525	0.3496474552512293
SB081216TAWCSCB51D33BR1TR1I186	8	16	081216	DNR	CB51	38.31870000000001	33.0	0.9580645161290324	27.1	0.3	0.61	21.76	0.0347	0.121	0.33	0.35100000000000003	0.0047	98408.95833333331	0.6584015846980491
SB082916TAWCSCB52D29BR1TR1I224	8	16	082916	DNR	CB52	38.137050000000016	29.0	0.975609756097561	27.5	0.4		22.67						133699.8625886525	0.3496474552512293
SB081216TAWCSCB53D25BR2TR2I189	8	16	081216	DNR	CB53	37.91011000000001	25.0	0.9395973154362416	27.1	3.4	1.922	23.31	0.0121	0.095	0.745	2.264	0.0059	98408.95833333331	0.6584015846980491
SB082916TAWCSCB53D25BR1TR2I610	8	16	082916	DNR	CB53	37.91011000000001	25.0	0.9395973154362416	27.7	2.7	1.388	23.38	0.0524	0.054000000000000006	0.8	2.275	0.0075	133699.8625886525	0.3496474552512293
SB081216TAWCSCB54D25BR1TR1I190	8	16	081216	ODU	CB54	37.800129999999996	25.0	0.7797270955165692	26.9	3.54		24.83						103536.25	0.6453481132295509
SB082916TAWCSCB54D25BR2TR1I228	8	16	082916	ODU	CB54	37.800129999999996	25.0	0.7797270955165692	27.515	2.74		24.15						132691.45833333337	0.3334687789181865
SB081216TAWCSCB71D20BR2TR1I201	8	16	081216	ODU	CB71	37.683459999999975	20.0	0.8888888888888888	26.684	3.72	2.2695	25.27	0.0038	0.1319	0.57516	2.0292	0.005	103536.25	0.6453481132295509
SB082916TAWCSCB71D20BR2TR1I238	8	16	082916	ODU	CB71	37.683459999999975	20.0	0.9444444444444444	27.21	3.82	4.6992	24.77	0.0051	0.0781	0.44842	1.368	0.0038	132691.45833333337	0.3334687789181865
SB081216TAWCSCB61D11BR1TR1I192	8	16	081216	ODU	CB61	37.58847000000002	11.0	0.9090909090909092	26.608	3.37	2.403	25.37	0.0058	0.1181	0.5815100000000001	1.368	0.0061	98408.95833333331	0.6584015846980491
SB082916TAWCSCB61D11BR1TR1I230	8	16	082916	ODU	CB61	37.58847000000002	11.0	0.9090909090909092	27.339	2.41	1.4685	24.06	0.026	0.0759	0.42593000000000003	1.368	0.0055	133699.8625886525	0.3496474552512293
SB081216TAWCSCB62D9BR1TR1I194	8	16	081216	ODU	CB62	37.48680000000001	9.0	0.8780487804878049	26.037	4.23	2.5365	26.39	0.0045	0.1001	0.46517	1.368	0.005	98408.95833333331	0.6584015846980491
SB082916TAWCSCB62D9BR1TR1I232	8	16	082916	ODU	CB62	37.48679999999996	9.0	0.8780487804878049	27.491	4.1	2.1478650000000004	23.35	0.01465	0.07615	0.5745199999999999	1.368	0.00575	133699.8625886525	0.3496474552512293
SB082916TAWCSCB63D10BR3TR1I234	8	16	082916	ODU	CB63	37.41152999999998	10.0	0.967032967032967	27.369	5.25	3.3226699999999996	24.16	0.0094	0.0503	0.78751	1.4952	0.0021	133699.8625886525	0.3496474552512293
SB081216TAWCSCB63D11BR2TR1I196	8	16	081216	ODU	CB63	37.41152999999998	11.0	0.967032967032967	25.714	4.71	2.403	27.4	0.004	0.0952	0.48725	1.368	0.0033	98408.95833333331	0.6584015846980491
SB081216TAWCSCB72D20BR2TR1I203	8	16	081216	ODU	CB72	37.41152999999998	20.0	0.980544747081712	25.425	5.44	2.5365	28.2	0.0015	0.0603	0.52877	1.9491	0.0013	98408.95833333331	0.6584015846980491
SB082916TAWCSCB72D20BR1TR1I241	8	16	082916	ODU	CB72	37.41152999999998	20.0	0.8871595330739299	26.42	6.0	2.7768	28.69	0.0011	0.0393	0.58444	2.30688	0.0006	133699.8625886525	0.3496474552512293
SB081216TAWCSCB64D10BR2TR1I199	8	16	081216	ODU	CB64	37.23652999999996	10.0	0.8571428571428571	26.692	4.25	4.272	23.92	0.00285	0.09365	0.502445	1.368	0.0063	103536.25	0.6453481132295509
SB082916TAWCSCB64D10BR1TR1I236	8	16	082916	ODU	CB64	37.23653000000001	10.0	0.9642857142857142	26.363000000000003	5.03	3.204	26.77	0.0027	0.0464	0.5776399999999999	1.94613	0.0029	130080.0	0.31719128858910617
SB081216TAWCSCB73D12BR1TR1I205	8	16	081216	ODU	CB73	37.11681	12.0	0.912280701754386	25.984	6.26	2.7768	28.58	0.0008	0.0208	0.39926999999999996	1.63404	-0.00035	98408.95833333331	0.6584015846980491
SB082916TAWCSCB74D13BR1TR1I246	8	16	082916	ODU	CB74	36.995699999999964	13.0	0.9333333333333332	23.825	7.37	2.8836	31.09	0.0008	0.0037	0.43094	1.368	-0.00035	133699.8625886525	0.3496474552512293
SB041117TAWCSCB22D11BR2TR1I288	4	17	041117	DNR	CB22	39.348730000000025	11.0	0.912442396313364	12.0	11.2	2.136	0.0	0.0051	0.044	3.67	3.097	0.8939	1772354.166666667	0.3975428142825543
SB041117TAWCSCB31D13BR1TR1I289	4	17	041117	DNR	CB31	39.24950000000001	13.0	0.9339080459770116	9.5	7.4	1.068	9.08	0.0133	0.229	4.78	12.389	0.4777	1772354.166666667	0.3975428142825543
SB041117TAWCSCB32D10BR2TR1I290	4	17	041117	DNR	CB32	39.16368999999997	10.0	0.7272727272727273	9.7	7.6	8.01	8.69	0.0099	0.136	1.49	5.447	0.4481	1772354.166666667	0.3975428142825543
SB041117TAWCSCB33CD5BR1TR1I286	4	17	041117	DNR	CB33C	38.995959999999975	1.0	0.0	11.7	10.2	2.136	3.0	0.0077	0.099	0.76	1.104	0.7823	1769062.5	0.3816892202666579
SB041117TAWCSCB33CD24BR1TR1I291	4	17	041117	DNR	CB33C	38.995959999999975	24.0	0.9075215782983972	7.5	6.3	6.23	17.66	0.0055000000000000005	0.13333333333333333	2.0	9.4695	0.08985	1769062.5	0.3816892202666579
SB041117TAWCSCB42CD26BR1TR1I293	4	17	041117	DNR	CB42C	38.64618	26.0	0.943310657596372	8.0	6.9	8.117	20.15	0.0021	0.09	0.81	2.948	0.0233	1769062.5	0.3816892202666579
SB041117TAWCSCB43CD27BR1TR1I294	4	17	041117	DNR	CB43C	38.55505000000002	27.0	0.943894389438944	8.4	7.1	9.612	20.43	0.0018	0.076	1.43	4.144	0.0222	1769062.5	0.3816892202666579
SB041117TAWCSCB44D31BR1TR1I295	4	17	041117	DNR	CB44	38.41457000000001	31.0	0.9647302904564315	9.4	7.5	7.476	23.24	0.0038	0.081	0.905	2.766	0.0141	1724135.4166666663	0.3657225234972702
SB041117TAWCSCB51D33BR1TR1I296	4	17	041117	DNR	CB51	38.318700000000014	33.0	0.9870967741935484	9.6	7.6	6.622000000000001	23.87	0.0008	0.045	0.8490000000000001	2.499	0.0228	1724135.4166666663	0.3657225234972702
SB041117TAWCSCB53D5BR1TR1I284	4	17	041117	DNR	CB53	37.91011000000001	1.0	0.0	12.0	11.0	11.214	14.73	0.0021	0.013	1.37	1.121	0.0192	1724135.4166666663	0.3657225234972702
SB041117TAWCSCB54D25BR1TR1I300	4	17	041117	ODU	CB54	37.80012999999999	1.0	0.03118908382066277	11.819	10.83	10.68	15.74	0.0004	0.0038	1.13842	0.332	-0.0001	1724135.4166666663	0.3657225234972702
SB041117TAWCSCB54D25BR2TR1I310	4	17	041117	ODU	CB54	37.800129999999996	25.0	0.7797270955165692	10.423	7.67		23.61						1724135.4166666663	0.3657225234972702
SB041117TAWCSCB71D20BR1TR1I306	4	17	041117	ODU	CB71	37.683459999999975	1.0	0.05555555555555555	12.539	9.82	3.204	19.49	0.0002	0.0038	0.6856800000000001	0.38448000000000004	0.0001	1634033.333333333	0.3496474552512284
SB041117TAWCSCB71D20BR2TR1I315	4	17	041117	ODU	CB71	37.683459999999975	20.0	0.8888888888888888	11.57	8.59	5.874	20.89	0.0002	0.0038	0.77268	0.40584000000000003	0.0001	1634033.333333333	0.3496474552512284
SB041117TAWCSCB61D11BR1TR1I302	4	17	041117	ODU	CB61	37.58847	1.0	0.08264462809917356	12.511	10.41	5.4468	17.68	0.0002	0.0038	0.86906	0.332	0.0001	1724135.4166666663	0.3657225234972702
SB041117TAWCSCB61D11BR1TR1I311	4	17	041117	ODU	CB61	37.58847000000001	11.0	0.9090909090909092	11.493	8.82	5.1264	21.86	0.0002	0.0038	0.5647800000000001	0.332	0.0001	1724135.4166666663	0.3657225234972702
SB041117TAWCSCB62D9BR1TR1I303	4	17	041117	ODU	CB62	37.48679999999999	1.0	0.0975609756097561	12.569	10.14	4.806	18.42	0.0002	0.0038	0.70749	0.332	0.0001	1724135.4166666663	0.3657225234972702
SB041117TAWCSCB62D9BR1TR1I312	4	17	041117	ODU	CB62	37.4868	9.0	0.8780487804878049	11.318	9.07	7.2624	20.7	0.0002	0.0038	0.71225	0.332	0.0001	1724135.4166666663	0.3657225234972702
SB041117TAWCSCB63D10BR1TR1I304	4	17	041117	ODU	CB63	37.41152999999999	1.0	0.08791208791208792	13.323	9.73	3.204	20.32	0.0002	0.0038	0.56419	0.332	0.0001	1724135.4166666663	0.3657225234972702
SB041117TAWCSCB72D20BR1TR1I307	4	17	041117	ODU	CB72	37.41152999999999	1.0	0.04669260700389105	12.66	9.76	2.67	20.58	0.0003	0.0038	0.48662	0.332	0.0	1634033.333333333	0.3496474552512284
SB041117TAWCSCB63D10BR2TR1I313	4	17	041117	ODU	CB63	37.41152999999999	10.0	0.8791208791208791	11.706	9.16	6.6216	20.67	0.0002	0.0038	0.75337	0.332	0.0001	1724135.4166666663	0.3657225234972702
SB041117TAWCSCB72D20BR1TR1I316	4	17	041117	ODU	CB72	37.41152999999999	20.0	0.980544747081712	11.687	8.27	3.8448	24.37	0.0005	0.0038	0.63039	0.93984	-0.0001	1634033.333333333	0.3496474552512284
SB041117TAWCSCB73D12BR1TR1I308	4	17	041117	ODU	CB73	37.11681	1.0	0.0760233918128655	12.206	9.39	2.136	23.57	0.0002	0.0038	0.35372	0.332	0.0001	1634033.333333333	0.3496474552512284
SB041117TAWCSCB73D12BR1TR1I317	4	17	041117	ODU	CB73	37.11681	12.0	0.912280701754386	11.883	8.99	2.5632	25.44	0.0002	0.0038	0.4798	0.35244000000000003	0.0001	1634033.333333333	0.3496474552512284
SB050817TAWCSCB22D11BR1TR1I322	5	17	050817	DNR	CB22	39.348730000000025	11.0	0.912442396313364	14.6	10.1	2.8480000000000003	0.0	0.0061	0.051	1.61	3.631	0.7449	1211446.8528368794	0.7775971469736264
SB050817TAWCSCB31D13BR1TR1I323	5	17	050817	DNR	CB31	39.24950000000001	13.0	0.9339080459770116	15.0	4.0	4.628	9.14	0.009000000000000001	0.17800000000000002	2.9	9.826	0.29600000000000004	1211446.8528368794	0.7775971469736264
SB050817TAWCSCB32D10BR2TR1I324	5	17	050817	DNR	CB32	39.16368999999997	10.0	0.7272727272727273	14.6	2.7	5.126	10.5	0.0088	0.202	1.23	5.041	0.2632	1211446.8528368794	0.7775971469736264
SB050817TAWCSCB33CD5BR1TR1I320	5	17	050817	DNR	CB33C	38.995959999999975	1.0	0.0	17.6	10.5	9.505	2.71	0.006	0.0145	1.215	2.6060000000000003	0.5529999999999999	1154384.3528368794	0.7666588193001589
SB050817TAWCSCB33CD24BR1TR1I325	5	17	050817	DNR	CB33C	38.995959999999975	24.0	0.9469790382244144	12.5	1.1	5.34	16.02	0.0063	0.227	0.735	3.5565	0.1032	1154384.3528368794	0.7666588193001589
SB050817TAWCSCB42CD26BR1TR1I327	5	17	050817	DNR	CB42C	38.64618	26.0	0.943310657596372	13.9	2.1	1.2819999999999998	18.21	0.0039	0.185	0.369	0.74	0.0505	1154384.3528368794	0.7666588193001589
SB050817TAWCSCB43CD27BR1TR1I328	5	17	050817	DNR	CB43C	38.55505000000002	27.0	0.943894389438944	14.1	2.3	1.469	18.41	0.0038	0.156	0.45	0.868	0.0291	1154384.3528368794	0.7666588193001589
SB050817TAWCSCB44D31BR1TR1I329	5	17	050817	DNR	CB44	38.414570000000026	31.0	0.9647302904564315	14.4	2.8	1.495	19.11	0.0042	0.142	0.49	0.897	0.0432	1080023.936170213	0.7554933140726793
SB050817TAWCSCB51D33BR1TR1I330	5	17	050817	DNR	CB51	38.318700000000014	33.0	0.9870967741935484	15.4	3.8	2.35	19.45	0.0029	0.121	0.634	0.94	0.0245	1080023.936170213	0.7554933140726793
SB050817TAWCSCB53D5BR1TR1I318	5	17	050817	DNR	CB53	37.91011000000001	1.0	0.0	17.1	8.9	7.476	14.73	0.0044	0.035	0.904	0.74	0.1966	1080023.936170213	0.7554933140726793
SB050817TAWCSCB53D25BR2TR1I333	5	17	050817	DNR	CB53	37.91011000000001	25.0	0.9771812080536912	16.7	5.1		19.66						1080023.936170213	0.7554933140726793
SB050817TAWCSCB54D25BR1TR1I334	5	17	050817	ODU	CB54	37.80012999999997	1.0	0.03118908382066277	17.265	8.68	6.942	15.63	0.0027	0.0057	0.72324	0.332	0.0326	1080023.936170213	0.7554933140726793
SB050817TAWCSCB54D25BR1TR1I343	5	17	050817	ODU	CB54	37.800129999999996	25.0	0.8109161793372319	16.987000000000002	5.18		19.77						1080023.936170213	0.7554933140726793
SB050817TAWCSCB71D20BR1TR1I340	5	17	050817	ODU	CB71	37.683459999999975	1.0	0.05555555555555555	18.299	8.73	8.01	18.58	0.0002	0.0038	0.8185100000000001	0.5874	0.0001	1080023.936170213	0.7554933140726793
SB050817TAWCSCB71D20BR2TR1I349	5	17	050817	ODU	CB71	37.683459999999975	20.0	1.1666666666666667	17.702	6.95		19.56						1080023.936170213	0.7554933140726793
SB050817TAWCSCB61D11BR1TR1I336	5	17	050817	ODU	CB61	37.58847	1.0	0.08264462809917356	17.813	9.25	6.942	17.38	0.0002	0.0038	0.9259799999999999	0.6087600000000001	0.0001	1011747.9166666669	0.7441039398713611
SB050817TAWCSCB61D11BR1TR1I345	5	17	050817	ODU	CB61	37.58847000000002	11.0	0.9090909090909092	17.643	6.32	4.3788	19.38	0.0013	0.0245	0.39733	0.7048800000000001	0.002	1011747.9166666669	0.7441039398713611
SB050817TAWCSCB62D9BR1TR1I337	5	17	050817	ODU	CB62	37.4868	1.0	0.0975609756097561	17.805999999999994	9.23	7.0488	17.76	0.0002	0.0038	0.8409399999999999	0.332	0.0001	1011747.9166666669	0.7441039398713611
SB050817TAWCSCB62D9BR1TR1I346	5	17	050817	ODU	CB62	37.48680000000001	9.0	0.8780487804878049	17.414	7.71		18.53						1011747.9166666669	0.7441039398713611
SB050817TAWCSCB63D10BR1TR1I338	5	17	050817	ODU	CB63	37.41152999999999	1.0	0.08791208791208792	18.279	9.23	8.1168	18.77	0.0002	0.0038	0.9515399999999999	0.8544	0.0001	1080023.936170213	0.7554933140726793
SB050817TAWCSCB72D20BR1TR1I341	5	17	050817	ODU	CB72	37.41152999999999	1.0	0.04669260700389105	17.948	8.98	7.1556	19.35	0.0004	0.0038	0.90359	0.332	-0.0001	1011747.9166666669	0.7441039398713611
SB050817TAWCSCB63D10BR2TR1I347	5	17	050817	ODU	CB63	37.41152999999998	10.0	0.967032967032967	17.492	7.43		20.32						1080023.936170213	0.7554933140726793
SB050817TAWCSCB72D20BR1TR1I350	5	17	050817	ODU	CB72	37.41152999999998	20.0	0.8404669260700388	17.209	6.54		27.67						1011747.9166666669	0.7441039398713611
SB050817TAWCSCB73D12BR1TR1I342	5	17	050817	ODU	CB73	37.11681	1.0	0.0760233918128655	17.739	8.37	3.5244	23.32	0.0002	0.0038	0.58494	0.36312	0.0001	1011747.9166666669	0.7441039398713611
SB050817TAWCSCB73D12BR1TR1I351	5	17	050817	ODU	CB73	37.11681	12.0	0.912280701754386	17.468	7.46	3.9516	25.36	0.0003	0.0038	0.52387	0.45924	0.0	1011747.9166666669	0.7441039398713611
SB060517TAWCSCB22D11BR2TR1I356	6	17	060517	DNR	CB22	39.348730000000025	11.0	0.912442396313364	20.2	3.2	2.99	5.04	0.0088	0.16399999999999998	1.28	5.382999999999999	0.3682	600877.0833333333	0.980469160361632
SB060517TAWCSCB31D13BR1TR1I357	6	17	060517	DNR	CB31	39.24950000000001	13.0	0.9339080459770116	18.2	0.4	1.495	10.37	0.0178	0.251	0.848	3.588	0.0774	600877.0833333333	0.980469160361632
SB062617TAWCSCB31D13BR1TR1I357	6	17	062617	DNR	CB31	39.24950000000001	13.0	0.9339080459770116	24.5	3.0	2.403	7.3	0.0066	0.26	1.93	7.877000000000002	0.1204	449347.91666666674	0.9893142039703666
SB060517TAWCSCB32D10BR2TR1I358	6	17	060517	DNR	CB32	39.16369	10.0	0.8080808080808081	17.6	0.3		12.59						600877.0833333333	0.980469160361632
SB061517TAWCSCB33CD0BR2TR1I558	6	17	061517	Preheim	CB33C	38.99738333333333	0.205	0.0	23.903000000000002	7.58		6.89						697091.6666666665	0.9970011699250152
SB060117TAWCSCB33CD0BR2TR1I542	6	17	060117	Preheim	CB33C	38.99736111	0.07	0.0	19.67	8.61		5.42						465745.83333333343	0.9497178427914312
SB060517TAWCSCB33CD5BR1TR1I354	6	17	060517	DNR	CB33C	38.995959999999975	1.0	0.0	21.3	8.9	18.583	5.88	0.0062	0.06	1.69	4.144	0.1848	588862.5	0.9769384927771818
SB060117TAWCSCB33CD1BR1TR1I525	6	17	060117	Preheim	CB33C	38.99736111	1.0	0.03945745992601726	19.63	8.84		5.46						465745.83333333343	0.9497178427914312
SB061517TAWCSCB33CD2BR1TR1I561	6	17	061517	Preheim	CB33C	38.99738333333333	2.075	0.07891491985203453	23.693	6.43		7.5						697091.6666666665	0.9970011699250152
SB060117TAWCSCB33CD2BR1TR1I526	6	17	060117	Preheim	CB33C	38.99736111	2.06	0.07891491985203453	19.58	8.64		5.96						465745.83333333343	0.9497178427914312
SB060117TAWCSCB33CD3BR1TR1I527	6	17	060117	Preheim	CB33C	38.99736111	2.96	0.1183723797780518	19.67	8.58		7.12						465745.83333333343	0.9497178427914312
SB060117TAWCSCB33CD4BR1TR1I528	6	17	060117	Preheim	CB33C	38.99736111	3.95	0.15782983970406905	19.73	8.82		7.35						465745.83333333343	0.9497178427914312
SB060117TAWCSCB33CD5BR1TR1I529	6	17	060117	Preheim	CB33C	38.99736111	4.97	0.19728729963008632	19.11	7.13		8.12						465745.83333333343	0.9497178427914312
SB061517TAWCSCB33CD6BR1TR1I563	6	17	061517	Preheim	CB33C	38.99738333333333	5.9	0.2367447595561036	21.073	2.14		11.27						697091.6666666665	0.9970011699250152
SB060117TAWCSCB33CD6BR1TR1I530	6	17	060117	Preheim	CB33C	38.99736111	6.08	0.2367447595561036	18.7	6.0		9.26						465745.83333333343	0.9497178427914312
SB060117TAWCSCB33CD7BR1TR1I531	6	17	060117	Preheim	CB33C	38.99736111	7.01	0.2762022194821208	17.86	3.67		11.16						465745.83333333343	0.9497178427914312
SB060117TAWCSCB33CD8BR1TR1I532	6	17	060117	Preheim	CB33C	38.99736111	7.94	0.3156596794081381	17.93	3.59		11.45						465745.83333333343	0.9497178427914312
SB060117TAWCSCB33CD8BR2TR1I546	6	17	060117	Preheim	CB33C	38.99736111	8.82	0.3551171393341553	16.999000000000002	1.28		14.23						465745.83333333343	0.9497178427914312
SB061517TAWCSCB33CD8BR1TR1I564	6	17	061517	Preheim	CB33C	38.99738333333333	8.0	0.3156596794081381	18.584	0.27		15.12						697091.6666666665	0.9970011699250152
SB060117TAWCSCB33CD10BR2TR1I547	6	17	060117	Preheim	CB33C	38.99736111	9.9	0.39457459926017263	16.83	0.88		14.92						465745.83333333343	0.9497178427914312
SB060117TAWCSCB33CD11BR1TR1I535	6	17	060117	Preheim	CB33C	38.99736111	11.13	0.43403205918618987	16.79	0.65		15.31						465745.83333333343	0.9497178427914312
SB060117TAWCSCB33CD12BR1TR1I536	6	17	060117	Preheim	CB33C	38.99736111	12.01	0.4734895191122072	16.75	0.58		15.44						465745.83333333343	0.9497178427914312
SB060117TAWCSCB33CD13BR1TR1I537	6	17	060117	Preheim	CB33C	38.99736111	12.92	0.5129469790382244	16.71	0.5		15.67						465745.83333333343	0.9497178427914312
SB060117TAWCSCB33CD14BR1TR1I538	6	17	060117	Preheim	CB33C	38.99736111	13.99	0.5524044389642416	16.7	0.43		16.29						465745.83333333343	0.9497178427914312
SB061517TAWCSCB33CD14BR1TR1I567	6	17	061517	Preheim	CB33C	38.99738333333333	13.931	0.5524044389642416	18.048	0.14		18.94						697091.6666666665	0.9970011699250152
SB060117TAWCSCB33CD15BR1TR1I539	6	17	060117	Preheim	CB33C	38.99736111	15.29	0.5918618988902591	16.67	0.39		16.25						465745.83333333343	0.9497178427914312
SB061517TAWCSCB33CD21BR1TR1I571	6	17	061517	Preheim	CB33C	38.99738333333333	22.0945	0.8286066584463625	18.0765	0.14		19.27						697091.6666666665	0.9970011699250152
SB060117TAWCSCB33CD21BR2TR1I554	6	17	060117	Preheim	CB33C	38.99791873385773	21.363000000000003	0.8286066584463625	16.626879999999993	0.3574		16.965600000000013						465745.83333333343	0.9497178427914312
SB060517TAWCSCB33CD24BR1TR1I359	6	17	060517	DNR	CB33C	38.995959999999975	24.0	0.9469790382244144	17.2	0.57	0.62	16.7	0.00505	0.2905	0.3205	0.74	0.02855	588862.5	0.9769384927771818
SB060517TAWCSCB42CD26BR1TR1I361	6	17	060517	DNR	CB42C	38.64618	26.0	0.979591836734694	18.0	1.3	1.526	18.35	0.0063	0.197	0.473	1.892	0.0372	588862.5	0.9769384927771818
SB060517TAWCSCB43CD27BR1TR1I362	6	17	060517	DNR	CB43C	38.55505000000002	27.0	0.943894389438944	18.3	1.7	1.221	18.97	0.0064	0.189	0.299	0.809	0.0269	588862.5	0.9769384927771818
SB062617TAWCSCB43CD27BR1TR1I362	6	17	062617	DNR	CB43C	38.555050000000016	27.0	0.943894389438944	20.2	0.39	0.8540000000000001	17.93	0.0007	0.229	0.435	0.74	0.0	453741.66666666674	0.99167731989929
SB060517TAWCSCB44D5BR1TR1I353	6	17	060517	DNR	CB44	38.414570000000026	1.0	0.0	22.6	10.4	14.952	9.65	0.0031	0.005	1.86	1.709	0.0368	576329.1666666667	0.9731183372332618
SB060517TAWCSCB44D31BR1TR1I363	6	17	060517	DNR	CB44	38.414570000000026	31.0	0.9647302904564315	18.5	2.3	1.831	19.38	0.005	0.177	0.636	2.334	0.0175	576329.1666666667	0.9731183372332618
SB062617TAWCSCB44D31BR1TR1I363	6	17	062617	DNR	CB44	38.414570000000026	31.0	0.9647302904564315	20.0	0.5	0.62	18.69	0.0007	0.207	0.468	1.367	0.013149999999999998	461008.33333333326	0.993746580436178
SB060517TAWCSCB51D33BR1TR1I364	6	17	060517	DNR	CB51	38.318700000000014	33.0	0.9580645161290324	18.7	2.7	1.526	19.73	0.0039	0.145	0.393	1.465	0.0181	576329.1666666667	0.9731183372332618
SB060517TAWCSCB53D5BR1TR1I352	6	17	060517	DNR	CB53	37.91011000000001	1.0	0.0	22.3	8.9	10.833	10.3	0.0007	0.006999999999999999	1.33	0.915	0.0555	576329.1666666667	0.9731183372332618
SB060517TAWCSCB53D25BR2TR1I367	6	17	060517	DNR	CB53	37.91011000000001	25.0	0.9771812080536912	19.5	3.7	1.068	21.41	0.0027	0.073	0.5	1.175	0.0171	576329.1666666667	0.9731183372332618
SB062617TAWCSCB53D25BR1TR1I366	6	17	062617	DNR	CB53	37.91011000000001	25.0	0.9395973154362416	21.5	0.8	0.763	19.11	0.0045	0.129	0.329	0.74	0.004	461008.33333333326	0.993746580436178
SB060517TAWCSCB54D25BR1TR1I368	6	17	060517	ODU	CB54	37.80012999999997	1.0	0.03118908382066277	22.884	9.59	11.0004	11.65	0.0003	0.0038	1.55085	0.332	0.0002	576329.1666666667	0.9731183372332618
SB060517TAWCSCB54D25BR1TR1I377	6	17	060517	ODU	CB54	37.800129999999996	25.0	0.7797270955165692	19.745	3.95		21.78						576329.1666666667	0.9731183372332618
SB060517TAWCSCB71D20BR1TR1I374	6	17	060517	ODU	CB71	37.683459999999975	1.0	0.05555555555555555	22.222	7.96		16.04						588862.5	0.9769384927771818
SB060517TAWCSCB71D20BR1TR1I383	6	17	060517	ODU	CB71	37.683459999999975	20.0	0.8888888888888888	20.316	4.32	2.3496	21.38	0.0009	0.0182	0.58626	1.61268	0.0018	588862.5	0.9769384927771818
SB060517TAWCSCB61D11BR1TR1I370	6	17	060517	ODU	CB61	37.58847000000001	1.0	0.08264462809917356	22.69	8.97	7.1556	14.58	0.0002	0.0038	1.17181	0.332	0.0002	576329.1666666667	0.9731183372332618
SB060517TAWCSCB61D11BR1TR1I379	6	17	060517	ODU	CB61	37.58847000000002	11.0	0.9090909090909092	19.594	2.93	1.3884	21.25	0.0013	0.0479	0.37446	0.63012	0.0038	576329.1666666667	0.9731183372332618
SB060517TAWCSCB62D9BR1TR1I371	6	17	060517	ODU	CB62	37.4868	1.0	0.0975609756097561	22.596	9.12	6.6216	14.03	0.0003	0.0038	1.0702399999999999	0.332	0.0	576329.1666666667	0.9731183372332618
SB060517TAWCSCB62D9BR1TR1I380	6	17	060517	ODU	CB62	37.48680000000001	9.0	0.8780487804878049	20.278	4.01		21.07						576329.1666666667	0.9731183372332618
SB060517TAWCSCB63D10BR1TR1I372	6	17	060517	ODU	CB63	37.41152999999999	1.0	0.08791208791208792	22.551	9.02	6.1944	14.44	0.0002	0.0038	1.02549	0.332	0.0002	576329.1666666667	0.9731183372332618
SB060517TAWCSCB63D10BR1TR1I381	6	17	060517	ODU	CB63	37.41152999999998	10.0	0.8791208791208791	20.513	4.21		21.65						576329.1666666667	0.9731183372332618
SB060517TAWCSCB73D12BR1TR1I376	6	17	060517	ODU	CB73	37.11681	1.0	0.0760233918128655	25.263	8.21	3.4176	17.43	0.0003	0.0038	0.97835	0.332	0.0	711922.9166666665	0.9955213724144752
SB060517TAWCSCB73D12BR1TR1I385	6	17	060517	ODU	CB73	37.11681	12.0	0.912280701754386	18.986	6.24		29.59						711922.9166666665	0.9955213724144752
SB071017TAWCSCB22D11BR2TR1I390	7	17	071017	DNR	CB22	39.348730000000025	11.0	0.912442396313364	27.1	6.6	3.204	1.12	0.0102	0.063	2.1	7.262	0.3608	294008.3333333334	0.92592477719385
SB071017TAWCSCB31D13BR1TR1I391	7	17	071017	DNR	CB31	39.24950000000001	13.0	0.9339080459770116	25.5	3.0	3.418	6.31	0.0052	0.21	1.63	5.105	0.0887	294008.3333333334	0.92592477719385
SB071017TAWCSCB32D10BR1TR1I392	7	17	071017	DNR	CB32	39.16369000000003	10.0	0.8888888888888888	23.6	0.48	2.35	10.95	0.00225	0.29100000000000004	0.985	4.1545000000000005	0.0259	294008.3333333334	0.92592477719385
SB071017TAWCSCB33CD5BR1TR1I388	7	17	071017	DNR	CB33C	38.995959999999975	1.0	0.0	27.0	7.9	17.302	7.43	0.0007	0.005	2.2	4.678	0.0007999999999999999	305929.1666666666	0.9322892131745132
SB071717TAWCSCB33CD2BR1TR1I576	7	17	071717	Preheim	CB33C	38.99791873385773	1.85	0.07891491985203453	27.21	6.38		7.63						292847.9166666666	0.8900275764346763
SB071717TAWCSCB33CD6BR1TR1I578	7	17	071717	Preheim	CB33C	38.99791873385773	5.965	0.2367447595561036	25.79	2.34		10.84						292847.9166666666	0.8900275764346763
SB071717TAWCSCB33CD10BR1TR1I580	7	17	071717	Preheim	CB33C	38.99791873385773	9.98	0.39457459926017263	23.34	0.21		16.89						292847.9166666666	0.8900275764346763
SB071717TAWCSCB33CD12BR1TR1I581	7	17	071717	Preheim	CB33C	38.99791873385773	11.91	0.4734895191122072	23.27	0.19		18.17						292847.9166666666	0.8900275764346763
SB071717TAWCSCB33CD14BR1TR1I582	7	17	071717	Preheim	CB33C	38.99791873385773	14.02	0.5524044389642416	23.25	0.13		18.32						292847.9166666666	0.8900275764346763
SB071017TAWCSCB33CD24BR1TR1I393	7	17	071017	DNR	CB33C	38.995959999999975	24.0	0.9469790382244144	22.7	0.39	1.2819999999999998	13.53	0.0007	0.273	0.7915000000000001	2.157	0.00285	305929.1666666666	0.9322892131745132
SB071017TAWCSCB42CD26BR1TR1I395	7	17	071017	DNR	CB42C	38.64618	26.0	0.943310657596372	22.6	0.41	0.62	17.11	0.0007	0.225	0.31	0.74	0.00105	305929.1666666666	0.9322892131745132
SB071017TAWCSCB43CD27BR1TR1I396	7	17	071017	DNR	CB43C	38.55505000000002	27.0	0.943894389438944	22.8	0.41	0.62	17.45	0.003	0.197	0.374	0.868	0.0022	305929.1666666666	0.9322892131745132
SB071017TAWCSCB44D5BR1TR1I387	7	17	071017	DNR	CB44	38.41457000000001	1.0	0.0	27.4	9.6	14.685	10.95	0.0007	0.011	2.24	2.79	0.0007999999999999999	318483.33333333326	0.9383773917408652
SB071017TAWCSCB44D31BR1TR1I397	7	17	071017	DNR	CB44	38.414570000000026	31.0	0.9647302904564315	24.6	1.4	0.6409999999999999	19.73	0.0188	0.158	0.448	1.3030000000000002	0.0075	318483.33333333326	0.9383773917408652
SB071017TAWCSCB51D33BR1TR1I398	7	17	071017	DNR	CB51	38.318700000000014	33.0	0.9580645161290324	24.7	1.6	0.8540000000000001	20.85	0.0098	0.159	0.355	0.74	0.0078	318483.33333333326	0.9383773917408652
SB071017TAWCSCB54D25BR1TR1I402	7	17	071017	ODU	CB54	37.80012999999999	1.0	0.03118908382066277	28.699	8.62	7.1556	13.32	0.0003	0.0038	1.26737	0.332	0.0	283752.0833333334	0.9192859697186108
SB071017TAWCSCB54D25BR2TR1I412	7	17	071017	ODU	CB54	37.800129999999996	25.0	0.7797270955165692	24.703000000000007	2.12		23.8						283752.0833333334	0.9192859697186108
SB071017TAWCSCB71D20BR1TR1I408	7	17	071017	ODU	CB71	37.683459999999975	1.0	0.05555555555555555	29.22	7.47	6.1944	16.94	0.0002	0.0038	0.9818600000000001	0.332	0.0001	275795.8333333334	0.912374757970728
SB071017TAWCSCB71D20BR1TR1I417	7	17	071017	ODU	CB71	37.683459999999975	20.0	0.8888888888888888	25.573	2.42	1.1748	22.39	0.0041	0.1519	0.6012	1.4418	0.0049	275795.8333333334	0.912374757970728
SB071017TAWCSCB61D11BR1TR1I404	7	17	071017	ODU	CB61	37.58847000000001	1.0	0.08264462809917356	28.664	8.33	8.4372	15.12	0.0002	0.0038	1.28149	0.332	0.0001	283752.0833333334	0.9192859697186108
SB071017TAWCSCB62D9BR1TR1I405	7	17	071017	ODU	CB62	37.4868	1.0	0.0975609756097561	28.41	7.74	8.544	16.42	0.0002	0.0038	1.11306	0.4272	0.0001	283752.0833333334	0.9192859697186108
SB071017TAWCSCB63D10BR1TR1I406	7	17	071017	ODU	CB63	37.41152999999999	1.0	0.08791208791208792	28.394	7.34	10.146	16.97	0.0003	0.0038	1.1755200000000001	0.9434	0.0	283752.0833333334	0.9192859697186108
SB071017TAWCSCB72D20BR1TR1I409	7	17	071017	ODU	CB72	37.41153	1.0	0.04669260700389105	29.564	7.96	5.0196	16.71	0.0002	0.0038	1.04999	0.332	0.0001	275795.8333333334	0.912374757970728
SB071017TAWCSCB73D12BR1TR1I410	7	17	071017	ODU	CB73	37.11681	1.0	0.0760233918128655	27.39	7.17	5.9808	20.83	0.0002	0.0038	0.8589600000000001	0.332	0.0001	292847.9166666666	0.8900275764346763
SB071017TAWCSCB73D12BR1TR1I419	7	17	071017	ODU	CB73	37.11681	12.0	0.912280701754386	20.059	6.7		29.58						292847.9166666666	0.8900275764346763
SB080717TAWCSCB22D11BR1TR1I423	8	17	080717	DNR	CB22	39.348730000000025	11.0	0.8294930875576036	25.8	5.0	2.67	2.83	0.0372	0.08900000000000001	3.15	8.544	0.7478	466083.33333333343	0.6321034111873499
SB082817TAWCSCB22D11BR2TR1I458	8	17	082817	DNR	CB22	39.348730000000025	11.0	0.912442396313364	25.2	2.3	2.136	9.78	0.0213	0.114	0.792	2.051	0.2947	181655.2083333333	0.3171912885891047
SB080717TAWCSCB31D13BR1TR1I425	8	17	080717	DNR	CB31	39.24950000000001	13.0	0.9339080459770116	25.7	1.0	1.78	10.17	0.1064	0.154	0.872	2.7060000000000004	0.1356	466083.33333333343	0.6321034111873499
SB082817TAWCSCB31D13BR1TR1I459	8	17	082817	DNR	CB31	39.24950000000001	13.0	0.7902298850574714	25.4	0.4	2.777	15.0	0.0067	0.127	0.619	2.157	0.0555	181655.2083333333	0.3171912885891047
SB082817TAWCSCB32D10BR1TR1I460	8	17	082817	DNR	CB32	39.16368999999997	10.0	0.8888888888888888	25.6	0.0	0.8009999999999999	17.59	0.0012	0.105	0.402	0.74	0.0243	181655.2083333333	0.3171912885891047
SB080717TAWCSCB32D10BR1TR1I426	8	17	080717	DNR	CB32	39.16368999999999	10.0	0.8080808080808081	25.6	0.1	1.068	13.46	0.0641	0.202	0.754	2.296	0.1039	466083.33333333343	0.6321034111873499
SB082817TAWCSCB33CD5BR1TR1I456	8	17	082817	DNR	CB33C	38.995959999999975	1.0	0.0	25.7	13.1	37.594	9.2	0.0007	0.005	3.88	11.0	0.0	181655.2083333333	0.3171912885891047
SB081417TAWCSCB33CD2BR1TR1I589	8	17	081417	Preheim	CB33C	38.998129999999996	1.9080000000000001	0.07891491985203453	25.89	7.83		8.39						349852.08333333326	0.5772916165517274
SB081417TAWCSCB33CD6BR1TR1I591	8	17	081417	Preheim	CB33C	38.998129999999996	5.9270000000000005	0.2367447595561036	25.84	4.15		10.51						349852.08333333326	0.5772916165517274
SB081417TAWCSCB33CD8BR1TR1I592	8	17	081417	Preheim	CB33C	38.998129999999996	7.917000000000001	0.3156596794081381	25.83	1.06		14.32						349852.08333333326	0.5772916165517274
SB081417TAWCSCB33CD10BR1TR1I593	8	17	081417	Preheim	CB33C	38.998129999999996	9.902999999999999	0.39457459926017263	25.8	0.23		16.8						349852.08333333326	0.5772916165517274
SB081417TAWCSCB33CD20BR1TR1I598	8	17	081417	Preheim	CB33C	38.998129999999996	19.99	0.7891491985203453	25.83	0.13		21.03						349852.08333333326	0.5772916165517274
SB082817TAWCSCB33CD24BR1TR1I461	8	17	082817	DNR	CB33C	38.995959999999975	24.0	0.9469790382244144	25.6	0.5	1.068	18.48	0.0093	0.0645	0.325	0.84	0.035	181655.2083333333	0.3171912885891047
SB080717TAWCSCB33CD24BR1TR1I427	8	17	080717	DNR	CB33C	38.995959999999975	24.0	0.9469790382244144	25.6	0.49	1.068	17.93	0.0036	0.1865	0.457	2.221	0.04315	524660.4166666667	0.645348113229551
SB080717TAWCSCB42CD26BR1TR1I429	8	17	080717	DNR	CB42C	38.64618	26.0	0.943310657596372	25.7	0.77	0.8540000000000001	20.78	0.1121	0.012	0.27	0.74	0.1589	524660.4166666667	0.645348113229551
SB082817TAWCSCB42CD26BR1TR1I463	8	17	082817	DNR	CB42C	38.64618	26.0	0.943310657596372	25.7	0.6	0.6409999999999999	19.45	0.0021	0.029	0.254	0.74	0.1689	181655.2083333333	0.3171912885891047
SB080717TAWCSCB43CD27BR1TR1I430	8	17	080717	DNR	CB43C	38.55505000000002	27.0	0.943894389438944	25.4	1.4	0.935	21.9	0.1602	0.012	0.28	0.74	0.0648	524660.4166666667	0.645348113229551
SB082817TAWCSCB43CD27BR1TR1I464	8	17	082817	DNR	CB43C	38.555050000000016	27.0	0.9801980198019802	25.8	0.6	0.8540000000000001	19.52	0.0094	0.029	0.247	0.74	0.1566	181655.2083333333	0.3171912885891047
SB080717TAWCSCB44D5BR1TR1I421	8	17	080717	DNR	CB44	38.41457000000001	1.0	0.0	25.9	7.6	13.884	12.0	0.0039	0.011	1.28	1.367	0.0656	573252.0833333333	0.6584015846980493
SB082817TAWCSCB44D5BR1TR1I455	8	17	082817	DNR	CB44	38.41457000000001	1.0	0.0	25.6	8.4	9.612	12.0	0.0007	0.005	1.26	1.3030000000000002	0.0006000000000000001	187316.66666666663	0.3334687789181884
SB080717TAWCSCB44D31BR1TR1I431	8	17	080717	DNR	CB44	38.414570000000026	31.0	0.9647302904564315	25.1	2.0	1.068	22.81	0.1164	0.058	1.1	4.464	0.0336	573252.0833333333	0.6584015846980493
SB082817TAWCSCB44D31BR1TR1I465	8	17	082817	DNR	CB44	38.414570000000026	31.0	0.9647302904564315	26.3	1.8	1.495	19.94	0.101	0.018000000000000002	0.39	0.74	0.053	187316.66666666663	0.3334687789181884
SB080717TAWCSCB51D33BR1TR1I432	8	17	080717	DNR	CB51	38.318700000000014	33.0	0.9580645161290324	25.1	2.4	1.068	22.81	0.08	0.069	0.28	0.74	0.025	573252.0833333333	0.6584015846980493
SB082817TAWCSCB51D33BR1TR1I466	8	17	082817	DNR	CB51	38.318700000000014	33.0	0.9580645161290324	26.3	4.6	2.136	20.43	0.0306	0.051	0.507	1.477	0.0077	187316.66666666663	0.3334687789181884
SB080717TAWCSCB53D5BR1TR1I420	8	17	080717	DNR	CB53	37.91011000000001	1.0	0.0	26.1	7.1	9.612	13.93	0.0015	0.011	1.0	0.7609999999999999	0.0034	573252.0833333333	0.6584015846980493
SB082817TAWCSCB53D5BR1TR1I454	8	17	082817	DNR	CB53	37.91011000000001	1.0	0.0	25.0	7.4	5.474	15.07	0.0149	0.024	0.782	0.74	0.0174	187316.66666666663	0.3334687789181884
SB082817TAWCSCB53D25BR1TR1I468	8	17	082817	DNR	CB53	37.91011000000002	25.0	0.9395973154362416	25.7	5.5	2.483	20.01	0.0231	0.0595	0.6	1.7595	0.0077	187316.66666666663	0.3334687789181884
SB082817TAWCSCB54D25BR1TR1I470	8	17	082817	ODU	CB54	37.80012999999999	1.0	0.03118908382066277	24.364	8.31	7.9032	16.12	0.0002	0.0038	1.19919	0.84372	0.0001	158044.58333333337	0.23449138957040755
SB080717TAWCSCB54D25BR2TR1I437	8	17	080717	ODU	CB54	37.80012999999997	1.0	0.03118908382066277	26.961	8.21	9.3984	15.04	0.0006	0.0038	1.30263	0.61944	0.0006	524660.4166666667	0.645348113229551
SB080717TAWCSCB54D25BR2TR1I446	8	17	080717	ODU	CB54	37.800129999999996	25.0	0.7797270955165692	25.089	2.13		22.76						524660.4166666667	0.645348113229551
SB082817TAWCSCB54D25BR2TR1I480	8	17	082817	ODU	CB54	37.800129999999996	25.0	0.7797270955165692	24.193	4.45		24.94						158044.58333333337	0.23449138957040755
SB080717TAWCSCB71D20BR1TR1I442	8	17	080717	ODU	CB71	37.683459999999975	1.0	0.05555555555555555	25.778	7.3	7.9032	18.47	0.0008	0.0038	1.02356	0.99324	-0.0005	524660.4166666667	0.645348113229551
SB080717TAWCSCB71D20BR1TR1I451	8	17	080717	ODU	CB71	37.683459999999975	20.0	0.8888888888888888	25.309	3.28	3.5244	22.0	0.0163	0.0856	0.67977	2.0078400000000003	0.0038	524660.4166666667	0.645348113229551
SB080717TAWCSCB61D11BR1TR1I447	8	17	080717	ODU	CB61	37.58847000000002	11.0	0.9917355371900828	25.225	3.25	3.56	21.85	0.0235	0.0802	0.87472	1.4240000000000002	0.0024	466083.33333333343	0.6321034111873499
SB080717TAWCSCB62D9BR1TR1I439	8	17	080717	ODU	CB62	37.4868	1.0	0.0975609756097561	25.9	7.26	7.3692	17.43	0.0006	0.0038	0.99135	1.0786799999999999	0.0001	466083.33333333343	0.6321034111873499
SB082817TAWCSCB62D9BR1TR1I473	8	17	082817	ODU	CB62	37.4868	1.0	0.0975609756097561	24.033	7.88	5.6604	17.11	0.0002	0.0038	0.7700100000000001	1.36704	0.0001	158044.58333333337	0.23449138957040755
SB082817TAWCSCB62D9BR1TR1I482	8	17	082817	ODU	CB62	37.48680000000001	9.0	0.975609756097561	23.953000000000007	4.88	2.403	24.56	0.0193	0.0812	0.7662399999999999	2.92365	0.0049	158044.58333333337	0.23449138957040755
SB080717TAWCSCB62D9BR1TR1I448	8	17	080717	ODU	CB62	37.48679999999996	9.0	0.8780487804878049	25.534	4.3	3.738	20.15	0.0171	0.0664	0.6294900000000001	1.1214	0.00205	466083.33333333343	0.6321034111873499
SB080717TAWCSCB63D10BR1TR1I440	8	17	080717	ODU	CB63	37.41152999999999	1.0	0.08791208791208792	25.51	6.79	8.544	18.38	0.0021	0.0038	0.8836700000000001	1.3243200000000002	-0.0004	524660.4166666667	0.645348113229551
SB082817TAWCSCB63D10BR1TR1I474	8	17	082817	ODU	CB63	37.41152999999999	1.0	0.08791208791208792	23.925	7.7	6.6216	17.99	0.0002	0.0038	0.77709	1.45248	0.0001	158044.58333333337	0.23449138957040755
SB080717TAWCSCB72D20BR1TR1I443	8	17	080717	ODU	CB72	37.41152999999999	1.0	0.04669260700389105	25.599	7.77	6.408	18.92	0.0007	0.0038	0.9658	0.39516	-0.0002	466083.33333333343	0.6321034111873499
SB080717TAWCSCB63D10BR1TR1I449	8	17	080717	ODU	CB63	37.41152999999998	10.0	0.8791208791208791	25.103	4.49	3.9516	22.53	0.0096	0.0831	0.63052	1.2816	0.0019	524660.4166666667	0.645348113229551
SB082817TAWCSCB63D10BR1TR1I483	8	17	082817	ODU	CB63	37.41152999999998	10.0	0.7912087912087912	23.896	4.98	2.67	25.1	0.0172	0.0896	0.76831	3.03045	0.0045	158044.58333333337	0.23449138957040755
SB080717TAWCSCB72D20BR1TR1I452	8	17	080717	ODU	CB72	37.41152999999998	20.0	0.980544747081712	24.889	4.59	2.67	24.27	0.0046	0.0886	1.00189	4.806	0.0016	466083.33333333343	0.6321034111873499
SB080717TAWCSCB73D12BR1TR1I444	8	17	080717	ODU	CB73	37.11681	1.0	0.0760233918128655	25.968000000000004	7.62	5.1798	21.66	0.0005	0.0038	0.7436550000000001	0.46458	0.0	466083.33333333343	0.6321034111873499
SB082817TAWCSCB73D12BR1TR1I478	8	17	082817	ODU	CB73	37.11681	1.0	0.0760233918128655	24.839	8.0	4.9128	22.66	0.0002	0.0038	0.70775	0.84372	0.0001	181655.2083333333	0.3171912885891047
SB080717TAWCSCB73D12BR1TR1I453	8	17	080717	ODU	CB73	37.11681	12.0	0.912280701754386	23.38	6.36	3.5244	27.92	0.0013	0.0284	0.4479	2.0078400000000003	0.0013	466083.33333333343	0.6321034111873499
SB091817TAWCSCB33CD5BR1TR1I490	9	17	091817	DNR	CB33C	38.995959999999975	1.0	0.0	24.9	9.1	19.865	13.33	0.0009	0.005	1.77	2.115	0.0006	82687.70833333331	-0.12447926388678733
SB091817TAWCSCB33CD24BR1TR1I495	9	17	091817	DNR	CB33C	38.995959999999975	24.0	0.9469790382244144	23.6	1.3	0.961	19.17	0.00205	0.013	0.465	0.765	0.19845	82687.70833333331	-0.12447926388678733
SB091817TAWCSCB42CD26BR1TR1I497	9	17	091817	DNR	CB42C	38.64618	26.0	0.943310657596372	23.4	3.9	0.6409999999999999	21.2	0.0979	0.013	0.24	0.74	0.0181	82687.70833333331	-0.12447926388678733
SB091817TAWCSCB43CD27BR1TR1I498	9	17	091817	DNR	CB43C	38.55505000000002	27.0	0.9801980198019802	23.5	4.3	0.6409999999999999	21.76	0.0656	0.035	1.45	0.74	0.0068	82687.70833333331	-0.12447926388678733
SB091817TAWCSCB44D5BR1TR1I489	9	17	091817	DNR	CB44	38.414570000000026	1.0	0.0	25.0	9.1	8.697000000000001	14.46	0.0009	0.006	1.21	0.809	0.0005	85835.41666666666	-0.10738134666416167
SB091817TAWCSCB44D31BR1TR1I499	9	17	091817	DNR	CB44	38.41457000000001	31.0	0.9647302904564315	23.5	4.8	0.915	22.46	0.0361	0.058	0.24	0.74	0.0036	85835.41666666666	-0.10738134666416167
SB091817TAWCSCB51D33BR1TR1I500	9	17	091817	DNR	CB51	38.318700000000014	33.0	0.9580645161290324	23.5	4.9	1.068	22.88	0.0288	0.051	0.368	0.961	0.0044	85835.41666666666	-0.10738134666416167
SB091817TAWCSCB53D5BR1TR1I488	9	17	091817	DNR	CB53	37.91011000000001	1.0	0.0	24.9	8.5	5.981	14.06	0.0007	0.006999999999999999	1.11	0.897	0.0061	85835.41666666666	-0.10738134666416167
SB091817TAWCSCB53D25BR2TR1I503	9	17	091817	DNR	CB53	37.91011	25.0	0.9395973154362416	23.6	5.1		24.3						85835.41666666666	-0.10738134666416167
SB091817TAWCSCB54D25BR2TR1I505	9	17	091817	ODU	CB54	37.80012999999999	1.0	0.03118908382066277	24.661	8.55	7.476	14.99	0.0005	0.0038	1.10314	0.332	-0.0002	97762.5	-0.03872228089217528
SB091817TAWCSCB71D20BR1TR1I510	9	17	091817	ODU	CB71	37.683459999999975	1.0	0.05555555555555555	24.032	8.08	7.6896	19.44	0.0006	0.0038	0.8519899999999999	1.13208	-0.0003	97762.5	-0.03872228089217528
SB091817TAWCSCB71D20BR1TR1I520	9	17	091817	ODU	CB71	37.683459999999975	20.0	1.0	23.392	6.05	3.6045	23.69	0.0072	0.0433	1.17307	5.08635	0.0032	97762.5	-0.03872228089217528
SB091817TAWCSCB62D9BR1TR1I507	9	17	091817	ODU	CB62	37.4868	1.0	0.0975609756097561	24.194000000000006	7.64	5.874	16.74	0.0005	0.0038	0.72947	1.0039200000000001	-0.0002	95527.91666666666	-0.05591699010060341
SB091817TAWCSCB62D9BR1TR1I517	9	17	091817	ODU	CB62	37.48680000000001	9.0	0.975609756097561	23.614	5.47	2.8035	24.36	0.0075	0.0437	0.99702	3.64455	0.0037	95527.91666666666	-0.05591699010060341
SB091817TAWCSCB72D20BR1TR1I511	9	17	091817	ODU	CB72	37.41152999999999	1.0	0.04669260700389105	23.67	7.75	4.272	19.39	0.0002	0.0038	0.61892	0.6621600000000001	0.0002	97762.5	-0.03872228089217528
SB091817TAWCSCB63D10BR1TR1I508	9	17	091817	ODU	CB63	37.41152999999999	1.0	0.08791208791208792	23.865	7.97	4.4856	16.51	0.0004	0.0038	0.7006899999999999	0.67284	-0.0001	97762.5	-0.03872228089217528
SB091817TAWCSCB63D10BR1TR1I518	9	17	091817	ODU	CB63	37.41153	10.0	0.8791208791208791	23.616	6.0		24.27						97762.5	-0.03872228089217528
SB091817TAWCSCB72D20BR1TR1I521	9	17	091817	ODU	CB72	37.41152999999998	20.0	0.9338521400778208	23.519	6.06	4.9395	29.3	0.0022	0.0416	0.70626	3.56445	0.0014	97762.5	-0.03872228089217528
SB091817TAWCSCB73D12BR1TR1I522	9	17	091817	ODU	CB73	37.11681	12.0	0.9883040935672516	23.803	6.27	3.3375	27.34	0.0018	0.0299	1.32692	4.3254	0.0013	95527.91666666666	-0.05591699010060341
