	Samples	DepthName	DateMMDDYY	Time	StationName	CollectionAgency	sum_horiz_dist	sum_vert_dist	sum_downwelling	sum_upwelling	north_lim	south_lim	east_lim	west_lim	up_lim	down_lim
3010	SB062716TAWCSCB33CD21BR1TR1I92	21.0	62716.0	11:06:00	CB33C	Preheim	3478.196720648077	4163.318628734997	-4147.467411734998	15.851216999999998	0.008507000000001597	-0.13375899999999774	-0.009545000000002801	-0.0559975000000037	18.630971975	9.583537750000001
3311	SB071116TAWCSCB22D11BR2TR2I616	11.0	71316.0	10:12:00	CB22	DNR	1122.7288833663315	2241.14550278	-2240.2584747799997	0.8870280000000008	0.022673500000003344	-0.01335824999999602	0.021482499999990523	-0.02536749999997312	9.372697725	5.796304725
6321	SB072516TAWCSCB33CD22BR1TR1I123	22.0	72516.0	10:00:00	CB33C	Preheim	3089.421171781029	4524.8353122056005	-4520.5770462056	4.258265999999999	-0.002943250000001285	-0.12209200000000209	-0.011435000000005857	-0.050382499999997776	19.341116	10.7373035
6622	SB071116TAWCSCB33CD24BR1TR2I611	24.0	71216.0	15:20:00	CB33C	DNR	4830.7043266123055	4537.345007969003	-4531.135307969003	6.209699999999998	-0.06005274999999699	-0.19689574999999593	-0.02008249999998668	-0.07160250000001156	19.983302225	11.146326499999999
6923	SB071116TAWCSCB43CD26BR1TR1I151	27.0	71216.0	10:12:00	CB43C	DNR	3406.6295617824503	6065.741627863	-6065.741627863	0.0	0.020184000000000424	-0.10114799999999491	0.09468999999999994	0.023150000000001114	24.05996595	18.084371575
7224	SB071116TAWCSCB44D30BR1TR1I152	31.0	71116.0	15:45:00	CB44	DNR	6742.732800890976	6377.944925729997	-6377.944925729997	0.0	-0.1282394999999994	-0.26792224999999803	0.10607250000002466	0.04116000000001918	24.2487054	18.981677499999996
7525	SB071116TAWCSCB51D33BR1TR1I153	33.0	71116.0	14:49:00	CB51	DNR	2897.4296413523266	7945.953077891002	-7945.953077891002	0.0	0.009445249999991745	-0.07956825000000123	0.06017499999998677	0.012282500000011964	31.1369122	22.925941
7826	SB071116TAWCSCB52D29BR1TR2I619	29.0	71116.0	13:34:00	CB52	DNR	8708.710889994396	4607.534726710002	-4607.534726710002	0.0	-0.1980912499999974	-0.31939224999999993	0.07150250000000824	0.028667499999997403	19.472649575	11.368863000000001
8127	SB071116TAWCSCB53D25BR2TR2I615	25.0	71116.0	12:14:00	CB53	DNR	8522.664133265758	4517.679016920002	-4517.679016920002	0.0	-0.2101012499999939	-0.29016524999999405	0.07860000000000866	0.005407500000004006	17.15997835	12.480464750000001
8428	SB071116TAWCSCB54D25BR1TR1I157	25.0	71216.0	09:31:00	CB54	ODU	5431.664758580762	4361.281083806997	-4361.281083806997	0.0	-0.11505424999999292	-0.18538999999999817	0.09220249999999908	0.011727499999977908	16.274872075	12.433971
8729	SB071116TAWCSCB71D20BR1TR1I167	16.0	71216.0	13:47:00	CB71	ODU	2021.7730839995872	1947.6737940199987	-1943.7325220199991	3.941271999999998	-0.014427750000002959	-0.07529900000000112	0.0023974999999865076	-0.047789999999992006	8.478472275	4.5191865
9030	SB071116TAWCSCB62D9BR1TR1I161	9.0	71116.0	14:42:00	CB62	ODU	3368.7753937842394	903.0970512939999	-481.5959981939999	421.5010531	-0.06778824999999955	-0.12214150000000501	0.03234000000003334	-0.007760000000018863	2.651822375	-2.624797750000001
9331	SB071116TAWCSCB63D10BR1TR1I163	10.0	71116.0	14:07:00	CB63	ODU	3209.040860298385	1002.8195228800009	-808.9928758800008	193.82664699999998	-0.028960499999996614	-0.12468099999999538	0.018882499999975266	-0.03345000000000198	4.632895475	-0.5136760000000002
9632	SB071116TAWCSCB72D20BR1TR1I169	20.0	71116.0	13:32:00	CB72	ODU	6073.802416541835	3364.8156296068014	-3341.7659376068013	23.049692	-0.15535100000000313	-0.21233999999999753	0.0305100000000067	-0.0274649999999923	14.02934005	8.61467975
9933	SB071116TAWCSCB64D10BR1TR1I165	8.0	71316.0	08:48:00	CB64	ODU	3450.7005768196123	565.53751036	-223.87202526	341.66548509999967	-0.013688500000000658	-0.13579024999999945	0.0509374999999892	-0.019362499999999727	1.3446224499999992	-2.1281560000000006
10234	SB071116TAWCSCB74D13BR2TR1I173	13.0	71116.0	09:25:00	CB74	ODU	6059.058215905383	2208.9955495100003	-2203.6859215100003	5.309627999999998	0.10467399999999571	0.0501339999999999	0.22729500000001224	0.14845000000001107	10.172170375	4.977722625
10535	SB081216TAWCSCB22D11BR1TR2I617	11.0	81016.0	10:03:00	CB22	DNR	1152.4504945781098	2237.1311768829996	-2236.996180883	0.13499599999999923	0.03292625000000271	0.0026122500000056448	0.039635000000018294	0.00013750000000811724	9.363175725	5.8519061
10836	SB083116TAWCSCB22D11BR2TR2I622	11.0	83116.0	10:06:00	CB22	DNR	1923.3119663820873	2275.0642254920003	-2274.8571064920006	0.2071190000000005	0.0005242500000051109	-0.06826075000000031	-0.001887499999995157	-0.05514999999998338	9.4875106	5.8314606
11137	SB081216TAWCSCB31D13BR1TR1I177	13.0	81016.0	09:22:00	CB31	DNR	1316.209481326307	2728.059788283	-2728.059788283	0.0	0.031460750000000814	0.0011072500000040009	0.027974999999997863	-0.01825500000001057	10.98244325	7.3676468250000005
11438	SB082916TAWCSCB31D13BR1TR2I212	13.0	83116.0	09:23:00	CB31	DNR	1857.1233609797068	2773.309888192999	-2773.309888192999	0.0	0.06095975000000209	-0.021180999999998562	0.03291749999999638	-0.02284500000000378	11.371263425	7.456001925000001
11739	SB081216TAWCSCB32D10BR1TR2I621	10.0	81016.0	08:42:00	CB32	DNR	2280.1419913241198	1581.3269882817006	-1530.7284452817005	50.59854300000001	-0.024850250000000074	-0.0892852500000032	0.01676750000001448	-0.026537500000017644	8.07304095	1.9873871999999988
14147	SB081216TAWCSCB33CD18BR1TR1I140	18.0	81216.0	10:36:00	CB33C	Preheim	4112.2865397356945	3023.445336699997	-2991.029597699998	32.415739	-0.012321499999998764	-0.1666897499999962	-0.024737500000000523	-0.06511749999998528	14.78244825	6.202683
14448	SB081216TAWCSCB33CD24BR1TR2I623	24.0	80916.0	15:19:00	CB33C	DNR	5127.082764702825	4418.773644317997	-4417.531228317997	1.2424159999999986	-0.05549150000000225	-0.2095689999999948	-0.02253000000000327	-0.0762174999999985	18.9943961	11.252685999999999
14749	SB081216TAWCSCB41CD31BR1TR2I618	31.0	80916.0	13:29:00	CB41C	DNR	6768.186023993732	6206.002385466008	-6206.002385466008	0.0	-0.1275377500000019	-0.26894325000000663	-0.01631749999998533	-0.06379249999997683	24.02754295	17.147855
15351	SB081216TAWCSCB42CD26BR2TR1I612	26.0	80916.0	11:42:00	CB42C	DNR	7963.596786993043	4494.17963752	-4492.26310852	1.9165290000000006	-0.15628325000000132	-0.31251025000000254	0.09786749999999245	-0.003922500000015816	19.843656625	10.668001000000002
15652	SB082916TAWCSCB43CD26BR1TR2I220	26.0	83016.0	09:43:00	CB43C	DNR	3674.8796271773153	5894.758777708003	-5894.136707708002	0.6220700000000008	0.030851000000005513	-0.11485625000000255	0.07710499999998888	0.004522499999978891	23.054052275	17.2773812
15953	SB081216TAWCSCB43CD26BR1TR1I184	26.0	80916.0	10:07:00	CB43C	DNR	4511.058411578379	5761.622594885103	-5761.622594885103	0.0	0.06509525000000593	-0.16939225000000135	0.10691500000000076	0.03305249999998239	23.19706815	16.134261625
16254	SB082916TAWCSCB44D30BR1TR1I222	31.0	82916.0	13:38:00	CB44	DNR	6347.329821946188	6512.315807631003	-6512.315807631003	0.0	-0.08887024999999937	-0.25859374999999574	0.10051249999997935	0.03822250000000338	25.59938635	18.321949
16555	SB081216TAWCSCB51D33BR1TR1I186	33.0	80816.0	13:04:00	CB51	DNR	4507.971197328345	7244.317852710003	-7244.317852710003	0.0	0.10422349999999625	-0.131290000000007	0.03757250000001022	-0.03581999999997265	28.0975622	21.038690250000002
16856	SB082916TAWCSCB52D29BR1TR1I224	29.0	82916.0	11:40:00	CB52	DNR	8012.747482537934	4372.414663874	-4372.414663874	0.0	-0.17929050000000046	-0.30151600000000656	0.06394749999998339	0.017794999999992456	18.4198275	10.813485500000002
17157	SB081216TAWCSCB53D25BR2TR2I189	25.0	80816.0	10:48:00	CB53	DNR	7692.713175780233	4762.414642650002	-4759.630935650001	2.7837069999999997	-0.19537624999999537	-0.2739762499999969	0.0768149999999963	0.0006625000000042292	18.5320917	12.900760499999999
17458	SB082916TAWCSCB53D25BR1TR2I610	25.0	82916.0	10:25:00	CB53	DNR	7408.042947858596	4501.223406218996	-4500.672714218997	0.5506920000000015	-0.17065749999999724	-0.2646544999999989	0.07617500000002053	-0.01593750000000682	18.26394145	12.214813249999999
17759	SB081216TAWCSCB54D25BR1TR1I190	25.0	80916.0	09:26:00	CB54	ODU	5875.975266536307	4443.838402573002	-4443.838402573002	0.0	-0.1385887499999967	-0.19842049999999745	0.09648749999999495	0.008505000000013752	16.1749625	12.33847375
18060	SB082916TAWCSCB54D25BR2TR1I228	25.0	83016.0	09:34:00	CB54	ODU	6891.8843624958035	4374.844775496999	-4374.844775496999	0.0	-0.16742699999999644	-0.2277917500000015	0.1131549999999919	0.044949999999985835	16.030529025	12.376502
18361	SB081216TAWCSCB71D20BR2TR1I201	16.0	80916.0	14:07:00	CB71	ODU	2028.6011575228085	2152.9141443089984	-2146.8480913089984	6.066053000000004	-0.009369249999998885	-0.07678549999999973	0.0058124999999762395	-0.035269999999982815	9.095970874999999	4.708411
18662	SB082916TAWCSCB71D20BR2TR1I238	17.0	83016.0	13:49:00	CB71	ODU	4322.259687312888	2094.0179562499998	-2092.10830525	1.9096510000000038	-0.07491449999999844	-0.16115324999999814	-0.024590000000003442	-0.06534500000002197	9.0971477	4.725163
18963	SB081216TAWCSCB61D11BR1TR1I192	11.0	80816.0	16:51:00	CB61	ODU	3386.3259303393406	660.6073627519997	-551.8750837519999	108.73227899999996	-0.0503724999999946	-0.1119647499999985	0.020642499999993902	-0.03421000000000163	2.440936599999999	-0.360880250000001
19264	SB082916TAWCSCB61D11BR1TR1I230	11.0	82916.0	17:31:00	CB61	ODU	5704.551597248363	807.3796188059999	-574.3469588060001	233.03266000000008	-0.14737000000000222	-0.20223125000000408	0.045909999999992124	-0.004757499999996639	2.9012332249999986	-1.303038749999999
19565	SB081216TAWCSCB62D9BR1TR1I194	9.0	80816.0	14:45:00	CB62	ODU	5124.074733331761	999.2960130980006	-653.077121898	346.21889119999986	-0.09738000000000824	-0.16161400000000725	0.03412500000000307	-0.011622499999987213	3.5778456000000007	-1.8466482499999994
19866	SB082916TAWCSCB62D9BR1TR1I232	9.0	82916.0	15:30:00	CB62	ODU	6093.161773393232	882.7119561499997	-508.6421775499998	374.06977860000023	-0.14576399999999978	-0.22479074999999682	0.03190000000000737	-0.035334999999989236	2.6868126500000002	-1.9557320000000011
20167	SB082916TAWCSCB63D10BR3TR1I234	10.0	82916.0	14:48:00	CB63	ODU	5478.332587728104	787.9610959500009	-644.2401359500003	143.7209599999999	-0.12922999999999973	-0.19380650000000088	0.04073499999999797	-0.026582499999989295	3.4137173	-0.4732757499999991
20468	SB081216TAWCSCB63D11BR2TR1I196	11.0	80816.0	14:06:00	CB63	ODU	4044.875768580349	1271.8098335699992	-1161.3749295699993	110.43490400000002	0.022438749999999175	-0.14035600000000414	0.014747499999998581	-0.034612499999994384	6.304574625000001	0.6122829999999997
20769	SB081216TAWCSCB72D20BR2TR1I203	20.0	80816.0	13:27:00	CB72	ODU	6004.478315694176	3787.2466143039996	-3775.6371633039994	11.609450999999996	-0.14258075000000048	-0.21711649999999594	0.03707750000000942	-0.04448250000000087	16.09826955	9.80653325
21070	SB082916TAWCSCB72D20BR1TR1I241	19.0	82916.0	14:10:00	CB72	ODU	7997.776290109024	3909.5487115499996	-3909.5487115499996	0.0	-0.2050822499999967	-0.27558549999999826	0.05192499999999711	-0.025244999999983975	15.354190525	10.739169375
21371	SB081216TAWCSCB64D10BR2TR1I199	8.0	80916.0	16:54:00	CB64	ODU	3471.120115149568	735.9376302329998	-428.15912803300034	307.77850219999993	0.05638599999999627	-0.106410750000002	0.030882500000018354	-0.03441499999998143	1.8359669749999998	-1.8871743999999993
21672	SB082916TAWCSCB64D10BR1TR1I236	9.0	83116.0	10:41:00	CB64	ODU	4614.536748673021	666.5795128999999	-348.2058129999999	318.3736998999999	-0.09183375000000638	-0.16498299999999944	0.09181499999998266	0.009354999999985125	1.867071975	-1.9541572499999997
21973	SB081216TAWCSCB73D12BR1TR1I205	12.0	80816.0	10:55:00	CB73	ODU	5602.940269520337	2000.8283375094504	-1865.5378635094505	135.290474	-0.04622799999999927	-0.15979049999999972	0.1742699999999786	0.015612500000003138	9.43951425	3.5355663249999996
22274	SB082916TAWCSCB74D13BR1TR1I246	13.0	82916.0	09:55:00	CB74	ODU	6923.643551209587	2244.637219392999	-2233.542030392999	11.095189000000001	0.1373089999999948	0.060669499999995935	0.23916499999997143	0.006574999999983788	10.396544175	4.747608175
